# Age (yrs)    Log T    Log g    Log L    Log R   Y_core     Z_core     (Z/X)_surf  L_H         L_He       M_He_core  M_CO_core
1.63105147E+05 3.67069  2.41442  1.65966  1.01171 9.2958E-01 7.0405E-02 2.6696E-02  2.5858E+01  1.9386E+01 4.7300E-01 0.0000E+00
3.40905831E+06 3.67339  2.45748  1.62740  0.99017 8.7950E-01 1.2049E-01 2.6696E-02  2.4857E+01  1.7023E+01 4.7300E-01 0.0000E+00
7.47929883E+06 3.67321  2.45344  1.63074  0.99220 8.2776E-01 1.7222E-01 2.6696E-02  2.4511E+01  1.7330E+01 4.7300E-01 0.0000E+00
1.28239830E+07 3.67323  2.45128  1.63299  0.99329 7.7603E-01 2.2396E-01 2.6696E-02  2.3877E+01  1.7774E+01 4.7300E-01 0.0000E+00
1.83510290E+07 3.67365  2.45401  1.63191  0.99192 7.2429E-01 2.7570E-01 2.6696E-02  2.2815E+01  1.8250E+01 4.7356E-01 0.0000E+00
2.49122321E+07 3.67437  2.45983  1.62899  0.98901 6.7256E-01 3.2743E-01 2.6696E-02  2.1410E+01  1.8841E+01 4.7515E-01 0.0000E+00
3.05464756E+07 3.67500  2.46521  1.62614  0.98632 6.2082E-01 3.7917E-01 2.6696E-02  2.0030E+01  1.9354E+01 4.7613E-01 0.0000E+00
3.64857069E+07 3.67561  2.47008  1.62370  0.98388 5.6908E-01 4.3091E-01 2.6696E-02  1.8566E+01  1.9894E+01 4.7742E-01 0.0000E+00
4.21835969E+07 3.67608  2.47345  1.62222  0.98219 5.1735E-01 4.8264E-01 2.6696E-02  1.7231E+01  2.0321E+01 4.7880E-01 0.0000E+00
4.83537068E+07 3.67650  2.47631  1.62102  0.98076 4.6562E-01 5.3437E-01 2.6696E-02  1.5722E+01  2.0786E+01 4.8028E-01 0.0000E+00
5.42332821E+07 3.67675  2.47746  1.62085  0.98019 4.1388E-01 5.8610E-01 2.6696E-02  1.4348E+01  2.1070E+01 4.8136E-01 0.0000E+00
5.97685594E+07 3.67682  2.47707  1.62156  0.98039 3.6215E-01 6.3784E-01 2.6696E-02  1.3026E+01  2.1203E+01 4.8242E-01 0.0000E+00
6.61648287E+07 3.67669  2.47413  1.62396  0.98185 3.1041E-01 6.8957E-01 2.6696E-02  1.1655E+01  2.1213E+01 4.8349E-01 0.0000E+00
6.91844571E+07 3.67651  2.47130  1.62602  0.98327 2.7937E-01 7.2062E-01 2.6696E-02  1.1063E+01  2.0946E+01 4.8420E-01 0.0000E+00
7.22353444E+07 3.67620  2.46711  1.62900  0.98537 2.4833E-01 7.5165E-01 2.6696E-02  1.0537E+01  2.0566E+01 4.8453E-01 0.0000E+00
7.62523923E+07 3.67577  2.46132  1.63308  0.98827 2.1729E-01 7.8270E-01 2.6696E-02  9.8948E+00  2.0131E+01 4.8525E-01 0.0000E+00
7.97862272E+07 3.67523  2.45358  1.63866  0.99213 1.8625E-01 8.1375E-01 2.6696E-02  9.5836E+00  1.9356E+01 4.8596E-01 0.0000E+00
8.40265766E+07 3.67452  2.44348  1.64592  0.99719 1.5520E-01 8.4478E-01 2.6696E-02  9.1931E+00  1.8369E+01 4.8666E-01 0.0000E+00
8.70109306E+07 3.67364  2.43118  1.65471  1.00333 1.2416E-01 8.7583E-01 2.6696E-02  9.2209E+00  1.6752E+01 4.8700E-01 0.0000E+00
9.05216838E+07 3.67232  2.41262  1.66801  1.01260 9.3123E-02 9.0687E-01 2.6696E-02  9.6263E+00  1.4561E+01 4.8743E-01 0.0000E+00
9.58789811E+07 3.67026  2.38342  1.68896  1.02721 6.2082E-02 9.3791E-01 2.6696E-02  1.0769E+01  1.1551E+01 4.8837E-01 0.0000E+00
1.01212164E+08 3.66661  2.33088  1.72688  1.05348 3.1041E-02 9.6895E-01 2.6696E-02  1.4226E+01  6.5246E+00 4.8979E-01 0.0000E+00
1.05955666E+08 3.64540  2.02186  1.95108  1.20799 1.0027E-04 9.9989E-01 2.6696E-02  5.1398E+01 -1.0537E+00 4.9184E-01 1.6000E-02
1.05983629E+08 3.64389  1.99906  1.96782  1.21939 7.2046E-06 9.9998E-01 2.6696E-02  5.4766E+01 -1.0835E+00 4.9184E-01 3.2000E-02
1.06066372E+08 3.63890  1.92193  2.02499  1.25796 5.1901E-11 9.9999E-01 2.6696E-02  6.5299E+01 -1.0559E+00 4.9184E-01 4.8000E-02
1.06227987E+08 3.62873  1.77352  2.13276  1.33217 1.3364E-16 9.9999E-01 2.6696E-02  9.1382E+01  1.7514E+00 4.9253E-01 6.4000E-02
1.06385833E+08 3.62618  1.73479  2.16125  1.35153 1.3364E-16 9.9999E-01 2.6696E-02  9.8137E+01  1.2868E+01 4.9321E-01 8.0000E-02
1.06795739E+08 3.63199  1.82034  2.09896  1.30875 1.3364E-16 9.9999E-01 2.6696E-02  6.7357E+01  2.2200E+01 4.9456E-01 9.6000E-02
1.07532901E+08 3.63433  1.85317  2.07546  1.29234 1.3364E-16 9.9999E-01 2.6696E-02  4.7598E+01  3.3219E+01 4.9590E-01 1.1200E-01
1.08942528E+08 3.63424  1.85197  2.07630  1.29293 1.3364E-16 9.9999E-01 2.6696E-02  2.3928E+01  6.3230E+01 4.9756E-01 1.2800E-01
1.11167526E+08 3.62891  1.77573  2.13123  1.33106 1.3364E-16 9.9999E-01 2.6696E-02  7.3146E+00  8.5480E+01 4.9822E-01 1.4400E-01
1.12056832E+08 3.62580  1.72984  2.16467  1.35400 1.3364E-16 9.9999E-01 2.6696E-02  5.6661E+00  9.2911E+01 4.9855E-01 1.6000E-01
1.13373478E+08 3.62039  1.64805  2.22483  1.39489 1.3364E-16 9.9999E-01 2.6696E-02  3.9323E+00  1.0740E+02 4.9888E-01 1.7500E-01
1.14157302E+08 3.61656  1.58965  2.26791  1.42409 1.3364E-16 9.9999E-01 2.6696E-02  3.2554E+00  1.1933E+02 4.9888E-01 1.9000E-01
1.14757729E+08 3.61319  1.53817  2.30593  1.44984 1.3364E-16 9.9999E-01 2.6696E-02  2.8680E+00  1.3125E+02 4.9921E-01 2.0500E-01
1.15470501E+08 3.60856  1.46745  2.35813  1.48520 1.3364E-16 9.9999E-01 2.6696E-02  2.5855E+00  1.4962E+02 4.9921E-01 2.2000E-01
1.15806312E+08 3.60600  1.42960  2.38570  1.50412 1.3364E-16 9.9999E-01 2.6696E-02  2.5556E+00  1.6015E+02 4.9921E-01 2.3500E-01
1.15912642E+08 3.60512  1.41696  2.39483  1.51044 1.3364E-16 9.9999E-01 2.6696E-02  2.5671E+00  1.6378E+02 4.9921E-01 2.4179E-01
1.16233644E+08 3.60238  1.37726  2.42358  1.53029 1.3364E-16 9.9999E-01 2.6696E-02  2.6913E+00  1.7548E+02 4.9921E-01 2.4858E-01
1.16357310E+08 3.60126  1.36123  2.43513  1.53831 1.3364E-16 9.9999E-01 2.6696E-02  2.7853E+00  1.8036E+02 4.9953E-01 2.5537E-01
1.16519342E+08 3.59975  1.33969  2.45063  1.54908 1.3364E-16 9.9999E-01 2.6696E-02  2.9642E+00  1.8706E+02 4.9953E-01 2.6216E-01
1.16614466E+08 3.59884  1.32676  2.45993  1.55554 1.3364E-16 9.9999E-01 2.6696E-02  3.1062E+00  1.9115E+02 4.9953E-01 2.6894E-01
1.16754059E+08 3.59749  1.30745  2.47385  1.56520 1.3364E-16 9.9999E-01 2.6696E-02  3.3773E+00  1.9739E+02 4.9953E-01 2.7573E-01
1.16762651E+08 3.59741  1.30626  2.47471  1.56580 1.3364E-16 9.9999E-01 2.6696E-02  3.3970E+00  1.9779E+02 4.9953E-01 2.8252E-01
1.17007729E+08 3.59499  1.27139  2.49991  1.58323 1.3364E-16 9.9999E-01 2.6696E-02  4.1507E+00  2.0942E+02 4.9953E-01 2.8931E-01
1.17127110E+08 3.59377  1.25387  2.51254  1.59199 1.3364E-16 9.9999E-01 2.6696E-02  4.6995E+00  2.1541E+02 4.9953E-01 2.9610E-01
1.17335959E+08 3.59158  1.22240  2.53526  1.60772 1.3364E-16 9.9999E-01 2.6696E-02  6.1251E+00  2.2633E+02 4.9986E-01 3.0289E-01
1.17441740E+08 3.59044  1.20597  2.54710  1.61594 1.3364E-16 9.9999E-01 2.6696E-02  7.1828E+00  2.3203E+02 4.9986E-01 3.0968E-01
1.17619725E+08 3.58848  1.17756  2.56765  1.63014 1.3364E-16 9.9999E-01 2.6696E-02  9.7869E+00  2.4179E+02 4.9986E-01 3.1647E-01
1.17707228E+08 3.58749  1.16317  2.57812  1.63734 1.3364E-16 9.9999E-01 2.6696E-02  1.1618E+01  2.4661E+02 4.9986E-01 3.2326E-01
1.17867538E+08 3.58566  1.13584  2.59813  1.65100 1.3364E-16 9.9999E-01 2.6696E-02  1.6452E+01  2.5527E+02 5.0019E-01 3.3005E-01
1.18011789E+08 3.58383  1.10917  2.61749  1.66434 1.3364E-16 9.9999E-01 2.6696E-02  2.3251E+01  2.6268E+02 5.0051E-01 3.3683E-01
1.18156643E+08 3.58186  1.07992  2.63885  1.67896 1.3364E-16 9.9999E-01 2.6696E-02  3.3749E+01  2.6939E+02 5.0051E-01 3.4362E-01
1.18280248E+08 3.58005  1.05230  2.65923  1.69277 1.3364E-16 9.9999E-01 2.6696E-02  4.6961E+01  2.7422E+02 5.0084E-01 3.5041E-01
1.18406676E+08 3.57791  1.02026  2.68271  1.70879 1.3364E-16 9.9999E-01 2.6697E-02  6.6029E+01  2.7795E+02 5.0116E-01 3.5720E-01
1.18521967E+08 3.57537  0.98592  2.70689  1.72596 1.3364E-16 9.9999E-01 2.6697E-02  8.9725E+01  2.7999E+02 5.0148E-01 3.6399E-01
1.18634501E+08 3.57255  0.94817  2.73336  1.74484 1.3364E-16 9.9999E-01 2.6697E-02  1.1999E+02  2.8048E+02 5.0213E-01 3.7078E-01
1.18744340E+08 3.56962  0.90769  2.76211  1.76508 1.3364E-16 9.9999E-01 2.6697E-02  1.5756E+02  2.7934E+02 5.0245E-01 3.7757E-01
1.18892929E+08 3.56508  0.84572  2.80590  1.79606 1.3364E-16 9.9999E-01 2.6697E-02  2.2354E+02  2.7486E+02 5.0316E-01 3.8436E-01
1.18988745E+08 3.56203  0.80242  2.83701  1.81771 1.3364E-16 9.9999E-01 2.6698E-02  2.7647E+02  2.7019E+02 5.0373E-01 3.9115E-01
1.19129400E+08 3.55697  0.73327  2.88595  1.85229 1.3364E-16 9.9999E-01 2.6698E-02  3.6915E+02  2.6177E+02 5.0468E-01 3.9794E-01
1.19264157E+08 3.55203  0.66417  2.93527  1.88683 1.3364E-16 9.9999E-01 2.6698E-02  4.7323E+02  2.5319E+02 5.0564E-01 4.0472E-01
1.19394599E+08 3.54665  0.59509  2.98287  1.92138 1.3364E-16 9.9999E-01 2.6698E-02  5.8287E+02  2.4657E+02 5.0690E-01 4.1151E-01
1.19562288E+08 3.54058  0.51484  3.03879  1.96150 1.3364E-16 9.9999E-01 2.6698E-02  7.1824E+02  2.4713E+02 5.0878E-01 4.1830E-01
1.19721648E+08 3.53483  0.43886  3.09177  1.99949 1.3364E-16 9.9999E-01 2.6698E-02  8.6154E+02  2.4482E+02 5.1066E-01 4.2509E-01
1.19868441E+08 3.52948  0.37099  3.13829  2.03342 1.3364E-16 9.9999E-01 2.6698E-02  1.0072E+03  2.4267E+02 5.1284E-01 4.3188E-01
1.19989634E+08 3.51004  0.13398  3.29751  2.15193 1.3364E-16 9.9999E-01 2.6698E-02  1.7902E+03  7.8960E+01 5.1503E-01 4.3867E-01
1.20010202E+08 3.51475  0.18568  3.26466  2.12608 1.3364E-16 9.9999E-01 2.6698E-02  1.5553E+03  2.3160E+03 5.1566E-01 4.3867E-01
