# Mini  Zini  n   age     Mass   logL    logTe  logg  label   McoreTP C_O  period0 period1 pmode  Mloss  tau1m   X   Y   Xc  Xn  Xo  Cexcess  Z  stage	 mbolmag  Umag    Bmag    Vmag    Imag    Jmag    Hmag    Ksmag   IRAC_3.6mag  IRAC_4.5mag  IRAC_5.8mag  IRAC_8.0mag  MIPS_24mag  MIPS_70mag  MIPS_160mag
 1.0000 0.017740    0 0.00000000e+00    1.000  2.488  3.5593  1.139    0  0.000  0.538     0.00     0.00 -1    -1e-30      0.00 7.019e-01 2.803e-01 3.156e-03 8.618e-04 7.827e-03 -1.000 1.779e-02 0 -1.450 3.465 1.899 0.421 -1.949 -3.189 -4.030 -4.282 -4.388 -4.236 -4.340 -4.411 -4.286 999.999 999.999
 1.0000 0.017740    1 7.81863403e+01    1.000  2.442  3.5636  1.202    0  0.000  0.538     0.00     0.00 -1 -5.44e-11      0.00 7.019e-01 2.803e-01 3.156e-03 8.618e-04 7.827e-03 -1.000 1.779e-02 0 -1.336 3.475 1.899 0.419 -1.852 -3.062 -3.895 -4.139 -4.242 -4.094 -4.193 -4.264 -4.134 999.999 999.999
 1.0000 0.017740    2 1.61567444e+02    1.000  2.401  3.5674  1.259    0  0.000  0.538     0.00     0.00 -1 -1.23e-09      0.00 7.019e-01 2.803e-01 3.156e-03 8.618e-04 7.827e-03 -1.000 1.779e-02 0 -1.233 3.486 1.901 0.418 -1.765 -2.947 -3.772 -4.011 -4.111 -3.966 -4.061 -4.133 -3.998 999.999 999.999
 1.0000 0.017740    3 2.57918488e+02    1.000  2.360  3.5711  1.314    0  0.000  0.538     0.00     0.00 -1 -1.28e-09      0.00 7.019e-01 2.803e-01 3.156e-03 8.618e-04 7.827e-03 -1.000 1.779e-02 0 -1.131 3.497 1.910 0.428 -1.677 -2.835 -3.652 -3.885 -3.983 -3.841 -3.933 -4.004 -3.866 999.999 999.999
 1.0000 0.017740    4 3.68549835e+02    1.000  2.321  3.5746  1.368    0  0.000  0.538     0.00     0.00 -1  -1.1e-09      0.00 7.019e-01 2.803e-01 3.156e-03 8.618e-04 7.827e-03 -1.000 1.779e-02 0 -1.031 3.504 1.932 0.457 -1.587 -2.725 -3.535 -3.762 -3.857 -3.719 -3.806 -3.878 -3.736 999.999 999.999
 1.0000 0.017740    5 4.98172546e+02    1.000  2.280  3.5780  1.422    0  0.000  0.538     0.00     0.00 -1 -9.39e-10      0.00 7.019e-01 2.803e-01 3.156e-03 8.618e-04 7.827e-03 -1.000 1.779e-02 0 -0.930 3.513 1.956 0.488 -1.497 -2.615 -3.416 -3.638 -3.731 -3.596 -3.680 -3.751 -3.606 999.999 999.999
 1.0000 0.017740    6 6.48343872e+02    1.000  2.240  3.5814  1.476    0  0.000  0.538     0.00     0.00 -1 -8.04e-10      0.00 7.019e-01 2.803e-01 3.156e-03 8.618e-04 7.827e-03 -1.000 1.779e-02 0 -0.829 3.526 1.983 0.521 -1.405 -2.504 -3.299 -3.515 -3.605 -3.473 -3.554 -3.626 -3.477 999.999 999.999
 1.0000 0.017740    7 8.18513794e+02    1.000  2.200  3.5845  1.528    0  0.000  0.538     0.00     0.00 -1 -6.92e-10      0.00 7.019e-01 2.803e-01 3.156e-03 8.618e-04 7.827e-03 -1.000 1.779e-02 0 -0.730 3.542 2.014 0.558 -1.315 -2.397 -3.184 -3.395 -3.483 -3.354 -3.432 -3.503 -3.351 999.999 999.999
 1.0000 0.017740    8 1.01861597e+03    1.000  2.160  3.5876  1.581    0  0.000  0.538     0.00     0.00 -1 -5.93e-10      0.00 7.019e-01 2.803e-01 3.156e-03 8.618e-04 7.827e-03 -1.000 1.779e-02 0 -0.629 3.557 2.056 0.611 -1.222 -2.288 -3.067 -3.273 -3.359 -3.234 -3.308 -3.380 -3.224 999.999 999.999
 1.0000 0.017740    9 1.31251428e+03    1.000  2.110  3.5914  1.646    0  0.000  0.538     0.00     0.00 -1 -4.91e-10      0.00 7.019e-01 2.803e-01 3.156e-03 8.618e-04 7.827e-03 -1.000 1.779e-02 0 -0.505 3.577 2.108 0.677 -1.106 -2.155 -2.923 -3.124 -3.208 -3.086 -3.156 -3.228 -3.069 999.999 999.999
 1.0000 0.017740   10 1.65872095e+03    1.000  2.061  3.5950  1.709    0  0.000  0.538     0.00     0.00 -1 -4.07e-10      0.00 7.019e-01 2.803e-01 3.156e-03 8.618e-04 7.827e-03 -1.000 1.779e-02 0 -0.382 3.602 2.162 0.744 -0.992 -2.023 -2.782 -2.977 -3.059 -2.940 -3.007 -3.080 -2.917 999.999 999.999
 1.0000 0.017740   11 1.98748877e+03    1.000  2.022  3.5978  1.760    0  0.000  0.538     0.00     0.00 -1 -3.51e-10      0.00 7.019e-01 2.803e-01 3.156e-03 8.618e-04 7.827e-03 -1.000 1.779e-02 0 -0.284 3.624 2.207 0.799 -0.901 -1.918 -2.670 -2.860 -2.940 -2.825 -2.889 -2.961 -2.796 999.999 999.999
 1.0000 0.017740   12 2.36759497e+03    1.000  1.982  3.6006  1.811    0  0.000  0.538     0.00     0.00 -1 -3.02e-10      0.00 7.019e-01 2.803e-01 3.156e-03 8.618e-04 7.827e-03 -1.000 1.779e-02 0 -0.185 3.642 2.258 0.864 -0.807 -1.812 -2.556 -2.742 -2.821 -2.707 -2.770 -2.842 -2.675 999.999 999.999
 1.0000 0.017740   13 2.79897461e+03    1.000  1.943  3.6032  1.860    0  0.000  0.538     0.00     0.00 -1 -2.62e-10      0.00 7.019e-01 2.803e-01 3.156e-03 8.618e-04 7.827e-03 -1.000 1.779e-02 0 -0.088 3.661 2.309 0.927 -0.716 -1.709 -2.447 -2.628 -2.705 -2.594 -2.654 -2.727 -2.559 999.999 999.999
 1.0000 0.017740   14 3.30620630e+03    1.000  1.904  3.6059  1.910    0  0.000  0.538     0.00     0.00 -1 -2.25e-10      0.00 7.019e-01 2.803e-01 3.156e-03 8.618e-04 7.827e-03 -1.000 1.779e-02 0 0.011 3.683 2.363 0.994 -0.622 -1.604 -2.334 -2.512 -2.587 -2.478 -2.536 -2.609 -2.440 999.999 999.999
 1.0000 0.017740   15 4.03429834e+03    1.000  1.855  3.6090  1.971    0  0.000  0.538     0.00     0.00 -1 -1.88e-10      0.00 7.019e-01 2.803e-01 3.156e-03 8.618e-04 7.827e-03 -1.000 1.779e-02 0 0.132 3.713 2.430 1.076 -0.506 -1.475 -2.197 -2.370 -2.443 -2.337 -2.392 -2.465 -2.295 999.999 999.999
 1.0000 0.017740   16 4.72633496e+03    1.000  1.816  3.6115  2.020    0  0.000  0.538     0.00     0.00 -1 -1.62e-10      0.00 7.019e-01 2.803e-01 3.156e-03 8.618e-04 7.827e-03 -1.000 1.779e-02 0 0.231 3.743 2.486 1.144 -0.413 -1.370 -2.086 -2.255 -2.327 -2.222 -2.276 -2.350 -2.178 999.999 999.999
 1.0000 0.017740   17 5.73415283e+03    1.000  1.766  3.6145  2.082    0  0.000  0.538     0.00     0.00 -1 -1.35e-10      0.00 7.019e-01 2.803e-01 3.156e-03 8.618e-04 7.827e-03 -1.000 1.779e-02 0 0.354 3.781 2.561 1.236 -0.295 -1.240 -1.948 -2.112 -2.182 -2.080 -2.132 -2.206 -2.037 999.999 999.999
 1.0000 0.017740   18 6.67888086e+03    1.000  1.728  3.6168  2.129    0  0.000  0.538     0.00     0.00 -1 -1.17e-10      0.00 7.019e-01 2.803e-01 3.156e-03 8.618e-04 7.827e-03 -1.000 1.779e-02 0 0.451 3.812 2.622 1.309 -0.203 -1.138 -1.841 -2.001 -2.070 -1.969 -2.020 -2.093 -1.927 999.999 999.999
 1.0000 0.017740   19 8.06332910e+03    1.000  1.679  3.6196  2.190    0  0.000  0.538     0.00     0.00 -1 -9.71e-11      0.00 7.019e-01 2.803e-01 3.156e-03 8.618e-04 7.827e-03 -1.000 1.779e-02 0 0.574 3.854 2.700 1.403 -0.085 -1.009 -1.704 -1.860 -1.927 -1.829 -1.878 -1.951 -1.788 999.999 999.999
 1.0000 0.017740   20 9.70398730e+03    1.000  1.631  3.6223  2.249    0  0.000  0.538     0.00     0.00 -1 -8.13e-11      0.00 7.019e-01 2.803e-01 3.156e-03 8.618e-04 7.827e-03 -1.000 1.779e-02 0 0.694 3.899 2.777 1.496 0.030 -0.883 -1.571 -1.722 -1.788 -1.692 -1.739 -1.812 -1.652 999.999 999.999
 1.0000 0.017740   21 1.16787646e+04    1.000  1.581  3.6249  2.308    0  0.000  0.538     0.00     0.00 -1 -6.77e-11      0.00 7.019e-01 2.803e-01 3.156e-03 8.618e-04 7.827e-03 -1.000 1.779e-02 0 0.817 3.948 2.859 1.592 0.148 -0.754 -1.435 -1.582 -1.647 -1.552 -1.598 -1.671 -1.514 999.999 999.999
 1.0000 0.017740   22 1.39913516e+04    1.000  1.533  3.6275  2.367    0  0.000  0.538     0.00     0.00 -1 -5.67e-11      0.00 7.019e-01 2.803e-01 3.156e-03 8.618e-04 7.827e-03 -1.000 1.779e-02 0 0.937 3.999 2.942 1.689 0.265 -0.627 -1.302 -1.445 -1.508 -1.415 -1.461 -1.533 -1.380 999.999 999.999
 1.0000 0.017740   23 1.67797207e+04    1.000  1.484  3.6299  2.426    0  0.000  0.538     0.00     0.00 -1 -4.73e-11      0.00 7.019e-01 2.803e-01 3.156e-03 8.618e-04 7.827e-03 -1.000 1.779e-02 0 1.060 4.054 3.028 1.790 0.384 -0.498 -1.168 -1.306 -1.368 -1.277 -1.321 -1.392 -1.246 999.999 999.999
 1.0000 0.017740   24 2.00664980e+04    1.000  1.435  3.6323  2.484    0  0.000  0.538     0.00     0.00 -1 -3.95e-11      0.00 7.019e-01 2.803e-01 3.156e-03 8.618e-04 7.827e-03 -1.000 1.779e-02 0 1.182 4.111 3.115 1.891 0.502 -0.371 -1.035 -1.170 -1.230 -1.141 -1.184 -1.255 -1.114 999.999 999.999
 1.0000 0.017740   25 2.39974531e+04    1.000  1.387  3.6346  2.541    0  0.000  0.538     0.00     0.00 -1 -3.31e-11      0.00 7.019e-01 2.803e-01 3.156e-03 8.618e-04 7.827e-03 -1.000 1.779e-02 0 1.303 4.174 3.203 1.993 0.619 -0.245 -0.903 -1.035 -1.094 -1.006 -1.048 -1.118 -0.983 999.999 999.999
 1.0000 0.017740   26 2.86495254e+04    1.000  1.338  3.6367  2.598    0  0.000  0.538     0.00     0.00 -1 -2.77e-11      0.00 7.019e-01 2.803e-01 3.156e-03 8.618e-04 7.827e-03 -1.000 1.779e-02 0 1.424 4.241 3.294 2.096 0.737 -0.119 -0.771 -0.900 -0.957 -0.871 -0.913 -0.982 -0.851 999.999 999.999
 1.0000 0.017740   27 3.42207148e+04    1.000  1.290  3.6388  2.655    0  0.000  0.538     0.00     0.00 -1 -2.33e-11      0.00 7.019e-01 2.803e-01 3.156e-03 8.618e-04 7.827e-03 -1.000 1.779e-02 0 1.544 4.310 3.385 2.198 0.854 0.006 -0.641 -0.767 -0.823 -0.738 -0.779 -0.848 -0.722 999.999 999.999
 1.0000 0.017740   28 4.08328945e+04    1.000  1.243  3.6407  2.710    0  0.000  0.538     0.00     0.00 -1 -1.96e-11      0.00 7.019e-01 2.803e-01 3.156e-03 8.618e-04 7.827e-03 -1.000 1.779e-02 0 1.662 4.381 3.476 2.301 0.969 0.129 -0.513 -0.636 -0.691 -0.608 -0.648 -0.716 -0.595 999.999 999.999
 1.0000 0.017740   29 5.08039805e+04    1.000  1.190  3.6428  2.771    0  0.000  0.538     0.00     0.00 -1 -1.62e-11      0.00 7.019e-01 2.803e-01 3.156e-03 8.618e-04 7.827e-03 -1.000 1.779e-02 0 1.794 4.465 3.581 2.417 1.098 0.266 -0.371 -0.491 -0.545 -0.463 -0.502 -0.570 -0.455 999.999 999.999
 1.0000 0.017740   30 6.16879219e+04    1.000  1.154  3.6441  2.813    0  0.000  0.538     0.00     0.00 -1 -1.42e-11      0.00 7.019e-01 2.803e-01 3.156e-03 8.618e-04 7.827e-03 -1.000 1.779e-02 0 1.885 4.524 3.654 2.498 1.188 0.360 -0.273 -0.391 -0.445 -0.364 -0.403 -0.470 -0.359 999.999 999.999
 1.0000 0.017740   31 7.84715938e+04    1.000  1.119  3.6454  2.853    0  0.000  0.538     0.00     0.00 -1 -1.25e-11      0.00 7.019e-01 2.803e-01 3.156e-03 8.618e-04 7.827e-03 -1.000 1.779e-02 0 1.973 4.582 3.725 2.576 1.274 0.451 -0.179 -0.296 -0.348 -0.268 -0.307 -0.373 -0.266 999.999 999.999
 1.0000 0.017740   32 1.27759867e+05    1.000  1.052  3.6476  2.928    0  0.000  0.538     0.00     0.00 -1 -9.81e-12      0.00 7.019e-01 2.803e-01 3.156e-03 8.618e-04 7.827e-03 -1.000 1.779e-02 0 2.139 4.696 3.862 2.725 1.437 0.623 -0.003 -0.116 -0.167 -0.089 -0.126 -0.192 -0.092 999.999 999.999
 1.0000 0.017740   33 1.69325625e+05    1.000  0.989  3.6494  2.999    0  0.000  0.538     0.00     0.00 -1 -7.81e-12      0.00 7.019e-01 2.803e-01 3.156e-03 8.618e-04 7.827e-03 -1.000 1.779e-02 0 2.297 4.809 3.994 2.870 1.592 0.786 0.165 0.054 0.004 0.081 0.044 -0.021 0.074 999.999 999.999
 1.0000 0.017740   34 1.96083375e+05    1.000  0.933  3.6510  3.061    0  0.000  0.538     0.00     0.00 -1 -6.39e-12      0.00 7.019e-01 2.803e-01 3.156e-03 8.618e-04 7.827e-03 -1.000 1.779e-02 0 2.438 4.917 4.116 2.999 1.731 0.931 0.313 0.205 0.156 0.231 0.195 0.131 0.221 999.999 999.999
 1.0000 0.017740   35 2.16158859e+05    1.000  0.890  3.6520  3.108    0  0.000  0.538     0.00     0.00 -1 -5.49e-12      0.00 7.019e-01 2.803e-01 3.156e-03 8.618e-04 7.827e-03 -1.000 1.779e-02 0 2.545 5.000 4.209 3.098 1.836 1.040 0.425 0.318 0.269 0.343 0.308 0.244 0.332 999.999 999.999
 1.0000 0.017740   36 2.46252297e+05    1.000  0.834  3.6532  3.169    0  0.000  0.538     0.00     0.00 -1  -4.5e-12      0.00 7.019e-01 2.803e-01 3.156e-03 8.618e-04 7.827e-03 -1.000 1.779e-02 0 2.685 5.113 4.333 3.230 1.975 1.183 0.571 0.466 0.418 0.491 0.456 0.393 0.477 999.999 999.999
 1.0000 0.017740   37 2.76027562e+05    1.000  0.788  3.6541  3.219    0  0.000  0.538     0.00     0.00 -1 -3.82e-12      0.00 7.019e-01 2.803e-01 3.156e-03 8.618e-04 7.827e-03 -1.000 1.779e-02 0 2.801 5.210 4.437 3.340 2.090 1.302 0.691 0.588 0.540 0.612 0.578 0.516 0.596 999.999 999.999
 1.0000 0.017740   38 3.11156469e+05    1.000  0.740  3.6549  3.269    0  0.000  0.538     0.00     0.00 -1 -3.23e-12      0.00 7.019e-01 2.803e-01 3.156e-03 8.618e-04 7.827e-03 -1.000 1.779e-02 0 2.920 5.311 4.546 3.455 2.208 1.422 0.814 0.711 0.665 0.736 0.701 0.640 0.718 999.999 999.999
 1.0000 0.017740   39 3.52414844e+05    1.000  0.692  3.6555  3.320    0  0.000  0.538     0.00     0.00 -1 -2.73e-12      0.00 7.019e-01 2.803e-01 3.156e-03 8.618e-04 7.827e-03 -1.000 1.779e-02 0 3.039 5.416 4.657 3.570 2.326 1.544 0.936 0.835 0.789 0.859 0.825 0.764 0.840 999.999 999.999
 1.0000 0.017740   40 4.00904156e+05    1.000  0.644  3.6561  3.370    0  0.000  0.538     0.00     0.00 -1 -2.31e-12      0.00 7.019e-01 2.803e-01 3.156e-03 8.618e-04 7.827e-03 -1.000 1.779e-02 0 3.160 5.524 4.771 3.689 2.447 1.667 1.060 0.959 0.914 0.983 0.950 0.889 0.964 999.999 999.999
 1.0000 0.017740   41 4.70462719e+05    1.000  0.586  3.6565  3.430    0  0.000  0.538     0.00     0.00 -1 -1.88e-12      0.00 7.019e-01 2.803e-01 3.156e-03 8.618e-04 7.827e-03 -1.000 1.779e-02 0 3.304 5.656 4.908 3.832 2.591 1.813 1.207 1.107 1.062 1.130 1.097 1.037 1.110 999.999 999.999
 1.0000 0.017740   42 5.54797250e+05    1.000  0.528  3.6568  3.489    0  0.000  0.538     0.00     0.00 -1 -1.54e-12      0.00 7.019e-01 2.803e-01 3.156e-03 8.618e-04 7.827e-03 -1.000 1.779e-02 0 3.450 5.792 5.050 3.977 2.737 1.959 1.353 1.254 1.210 1.277 1.243 1.185 1.257 999.999 999.999
 1.0000 0.017740   43 6.38481438e+05    1.000  0.480  3.6568  3.537    0  0.000  0.538     0.00     0.00 -1  -1.3e-12      0.00 7.019e-01 2.803e-01 3.156e-03 8.618e-04 7.827e-03 -1.000 1.779e-02 0 3.570 5.914 5.169 4.098 2.856 2.079 1.472 1.373 1.329 1.396 1.363 1.305 1.370 999.999 999.999
 1.0000 0.017740   44 7.36454312e+05    1.000  0.432  3.6567  3.585    0  0.000  0.538     0.00     0.00 -1 -1.11e-12      0.00 7.019e-01 2.803e-01 3.156e-03 8.618e-04 7.827e-03 -1.000 1.779e-02 0 3.690 6.040 5.290 4.219 2.975 2.198 1.589 1.491 1.448 1.515 1.481 1.424 1.480 999.999 999.999
 1.0000 0.017740   45 8.76220125e+05    1.000  0.374  3.6564  3.642    0  0.000  0.538     0.00     0.00 -1 -9.04e-13      0.00 7.019e-01 2.803e-01 3.156e-03 8.618e-04 7.827e-03 -1.000 1.779e-02 0 3.836 6.196 5.439 4.369 3.120 2.342 1.730 1.634 1.591 1.658 1.625 1.568 1.613 999.999 999.999
 1.0000 0.017740   46 1.04459462e+06    1.000  0.315  3.6559  3.698    0  0.000  0.538     0.00     0.00 -1  -7.4e-13      0.00 7.019e-01 2.803e-01 3.156e-03 8.618e-04 7.827e-03 -1.000 1.779e-02 0 3.982 6.356 5.592 4.520 3.266 2.486 1.871 1.775 1.733 1.800 1.767 1.711 1.746 999.999 999.999
 1.0000 0.017740   47 1.24732812e+06    1.000  0.256  3.6551  3.754    0  0.000  0.538     0.00     0.00 -1 -6.07e-13      0.00 7.019e-01 2.803e-01 3.156e-03 8.618e-04 7.827e-03 -1.000 1.779e-02 0 4.129 6.520 5.746 4.673 3.412 2.630 2.010 1.915 1.873 1.941 1.907 1.852 1.877 999.999 999.999
 1.0000 0.017740   48 1.49112550e+06    1.000  0.198  3.6541  3.809    0  0.000  0.538     0.00     0.00 -1 -4.98e-13      0.00 7.019e-01 2.803e-01 3.156e-03 8.618e-04 7.827e-03 -1.000 1.779e-02 0 4.276 6.688 5.904 4.828 3.559 2.774 2.148 2.054 2.013 2.081 2.046 1.992 2.007 999.999 999.999
 1.0000 0.017740   49 1.78375400e+06    1.000  0.139  3.6530  3.863    0  0.000  0.538     0.00     0.00 -1 -4.08e-13      0.00 7.019e-01 2.803e-01 3.156e-03 8.618e-04 7.827e-03 -1.000 1.779e-02 0 4.423 6.861 6.065 4.986 3.706 2.917 2.286 2.192 2.151 2.220 2.185 2.132 2.135 999.999 999.999
 1.0000 0.017740   50 2.13504075e+06    1.000  0.080  3.6516  3.917    0  0.000  0.538     0.00     0.00 -1 -3.35e-13      0.00 7.019e-01 2.803e-01 3.156e-03 8.618e-04 7.827e-03 -1.000 1.779e-02 0 4.570 7.037 6.228 5.145 3.854 3.060 2.422 2.329 2.288 2.357 2.322 2.270 2.262 999.999 999.999
 1.0000 0.017740   51 2.48207800e+06    1.000  0.032  3.6504  3.960    0  0.000  0.538     0.00     0.00 -1 -2.85e-13      0.00 7.019e-01 2.803e-01 3.156e-03 8.618e-04 7.827e-03 -1.000 1.779e-02 0 4.691 7.183 6.364 5.278 3.975 3.177 2.534 2.440 2.400 2.470 2.434 2.384 2.364 999.999 999.999
 1.0000 0.017740   52 2.89042975e+06    1.000 -0.017  3.6492  4.004    0  0.000  0.538     0.00     0.00 -1 -2.43e-13      0.00 7.019e-01 2.803e-01 3.156e-03 8.618e-04 7.827e-03 -1.000 1.779e-02 0 4.813 7.331 6.500 5.411 4.097 3.295 2.646 2.553 2.513 2.583 2.547 2.497 2.467 2.441 2.431
 1.0000 0.017740   53 3.48184825e+06    1.000 -0.074  3.6478  4.055    0  0.000  0.538     0.00     0.00 -1    -2e-13      0.00 7.019e-01 2.803e-01 3.156e-03 8.618e-04 7.827e-03 -1.000 1.779e-02 0 4.955 7.500 6.661 5.567 4.240 3.434 2.780 2.686 2.647 2.716 2.680 2.631 2.599 2.573 2.563
 1.0000 0.017740   54 4.08652050e+06    1.000 -0.121  3.6467  4.098    0  0.000  0.538     0.00     0.00 -1 -1.71e-13      0.00 7.019e-01 2.803e-01 3.156e-03 8.618e-04 7.827e-03 -1.000 1.779e-02 0 5.073 7.637 6.791 5.695 4.359 3.549 2.892 2.798 2.758 2.827 2.791 2.743 2.709 2.683 2.673
 1.0000 0.017740   55 4.83171750e+06    1.000 -0.170  3.6459  4.143    0  0.000  0.538     0.00     0.00 -1 -1.45e-13      0.00 7.019e-01 2.803e-01 3.156e-03 8.618e-04 7.827e-03 -1.000 1.779e-02 0 5.194 7.773 6.922 5.824 4.479 3.667 3.008 2.913 2.873 2.942 2.905 2.859 2.823 2.797 2.787
 1.0000 0.017740   56 5.77945300e+06    1.000 -0.215  3.6456  4.187    0  0.000  0.538     0.00     0.00 -1 -1.24e-13      0.00 7.019e-01 2.803e-01 3.156e-03 8.618e-04 7.827e-03 -1.000 1.779e-02 0 5.308 7.893 7.040 5.941 4.593 3.780 3.121 3.025 2.986 3.054 3.017 2.971 2.935 2.909 2.898
 1.0000 0.017740   57 7.36909700e+06    1.000 -0.267  3.6465  4.243    0  0.000  0.538     0.00     0.00 -1 -1.03e-13      0.00 7.019e-01 2.803e-01 3.156e-03 8.618e-04 7.827e-03 -1.000 1.779e-02 0 5.439 8.009 7.161 6.066 4.722 3.913 3.257 3.163 3.123 3.191 3.154 3.109 3.073 3.046 3.036
 1.0000 0.017740   58 9.28533700e+06    1.000 -0.307  3.6493  4.294    0  0.000  0.538     0.00     0.00 -1  -8.9e-14      0.00 7.019e-01 2.803e-01 3.156e-03 8.618e-04 7.827e-03 -1.000 1.779e-02 0 5.537 8.062 7.227 6.143 4.817 4.017 3.371 3.279 3.240 3.307 3.271 3.224 3.191 3.165 3.154
 1.0000 0.017740   59 1.24606830e+07    1.000 -0.338  3.6566  4.354    0  0.000  0.538     0.00     0.00 -1 -7.68e-14      0.00 7.019e-01 2.803e-01 3.156e-03 8.618e-04 7.827e-03 -1.000 1.779e-02 0 5.615 8.019 7.223 6.166 4.889 4.115 3.492 3.404 3.367 3.433 3.399 3.350 3.324 3.300 3.289
 1.0000 0.017740   60 1.48759130e+07    1.000 -0.325  3.6662  4.379    0  0.000  0.538     0.00     0.00 -1 -7.66e-14      0.00 7.019e-01 2.803e-01 3.156e-03 8.618e-04 7.827e-03 -1.000 1.779e-02 0 5.582 7.824 7.089 6.064 4.850 4.108 3.520 3.437 3.401 3.464 3.432 3.384 3.363 3.345 3.333
 1.0000 0.017740   61 1.69188820e+07    1.000 -0.301  3.6760  4.395    0  0.000  0.538     0.00     0.00 -1 -7.91e-14      0.00 7.019e-01 2.803e-01 3.156e-03 8.618e-04 7.827e-03 -1.000 1.779e-02 0 5.524 7.603 6.931 5.941 4.787 4.079 3.524 3.445 3.412 3.472 3.443 3.395 3.378 3.365 3.355
 1.0000 0.017740   62 1.84748600e+07    1.000 -0.275  3.6847  4.404    0  0.000  0.538     0.00     0.00 -1 -8.32e-14      0.00 7.019e-01 2.803e-01 3.156e-03 8.618e-04 7.827e-03 -1.000 1.779e-02 0 5.458 7.392 6.780 5.821 4.719 4.039 3.513 3.439 3.408 3.464 3.437 3.391 3.377 3.367 3.360
 1.0000 0.017740   63 1.98241500e+07    1.000 -0.247  3.6928  4.409    0  0.000  0.538     0.00     0.00 -1 -8.81e-14      0.00 7.019e-01 2.803e-01 3.156e-03 8.617e-04 7.827e-03 -1.000 1.779e-02 0 5.389 7.188 6.636 5.706 4.650 3.996 3.497 3.427 3.397 3.450 3.426 3.381 3.369 3.361 3.358
 1.0000 0.017740   64 2.09863800e+07    1.000 -0.221  3.7002  4.412    0  0.000  0.538     0.00     0.00 -1 -9.32e-14      0.00 7.019e-01 2.803e-01 3.156e-03 8.617e-04 7.827e-03 -1.000 1.779e-02 0 5.322 7.003 6.505 5.602 4.586 3.955 3.478 3.412 3.384 3.434 3.411 3.368 3.357 3.351 3.350
 1.0000 0.017740   65 2.20408760e+07    1.000 -0.195  3.7071  4.414    0  0.000  0.538     0.00     0.00 -1 -9.87e-14      0.00 7.019e-01 2.803e-01 3.156e-03 8.617e-04 7.827e-03 -1.000 1.779e-02 0 5.258 6.829 6.383 5.506 4.524 3.915 3.458 3.396 3.369 3.416 3.395 3.355 3.344 3.338 3.338
 1.0000 0.017740   66 2.30294260e+07    1.000 -0.170  3.7137  4.414    0  0.000  0.538     0.00     0.00 -1 -1.05e-13      0.00 7.019e-01 2.803e-01 3.156e-03 8.617e-04 7.827e-03 -1.000 1.779e-02 0 5.195 6.662 6.266 5.415 4.465 3.875 3.438 3.378 3.354 3.398 3.378 3.340 3.330 3.324 3.325
 1.0000 0.017740   67 2.39718020e+07    1.000 -0.145  3.7200  4.415    0  0.000  0.538     0.00     0.00 -1 -1.11e-13      0.00 7.019e-01 2.803e-01 3.156e-03 8.617e-04 7.827e-03 -1.000 1.779e-02 0 5.133 6.502 6.154 5.328 4.407 3.837 3.418 3.361 3.338 3.379 3.360 3.324 3.314 3.309 3.310
 1.0000 0.017740   68 2.48931380e+07    1.000 -0.121  3.7261  4.415    0  0.000  0.538     0.00     0.00 -1 -1.17e-13      0.00 7.019e-01 2.803e-01 3.156e-03 8.617e-04 7.827e-03 -1.000 1.779e-02 0 5.072 6.348 6.045 5.245 4.352 3.799 3.397 3.343 3.322 3.360 3.342 3.308 3.299 3.294 3.294
 1.0000 0.017740   69 2.61150440e+07    1.000 -0.089  3.7341  4.415    0  0.000  0.538     0.00     0.00 -1 -1.26e-13      0.00 7.019e-01 2.803e-01 3.156e-03 8.617e-04 7.826e-03 -1.000 1.779e-02 0 4.993 6.152 5.907 5.141 4.282 3.752 3.371 3.320 3.301 3.335 3.319 3.288 3.279 3.275 3.274
 1.0000 0.017740   70 2.74345080e+07    1.000 -0.060  3.7419  4.418    0  0.000  0.538     0.00     0.00 -1 -1.34e-13      0.00 7.019e-01 2.803e-01 3.156e-03 8.617e-04 7.826e-03 -1.000 1.779e-02 0 4.920 5.970 5.779 5.046 4.220 3.711 3.351 3.303 3.285 3.316 3.301 3.274 3.265 3.261 3.259
 1.0000 0.017740   71 2.87636120e+07    1.000 -0.036  3.7490  4.422    0  0.000  0.538     0.00     0.00 -1 -1.41e-13      0.00 7.019e-01 2.803e-01 3.155e-03 8.617e-04 7.826e-03 -1.000 1.779e-02 0 4.860 5.815 5.670 4.969 4.171 3.682 3.338 3.294 3.278 3.304 3.291 3.267 3.259 3.254 3.253
 1.0000 0.017740   72 2.95564080e+07    1.000 -0.037  3.7512  4.432    0  0.000  0.538     0.00     0.00 -1  -1.4e-13      0.00 7.019e-01 2.803e-01 3.155e-03 8.617e-04 7.826e-03 -1.000 1.779e-02 0 4.863 5.788 5.657 4.966 4.177 3.693 3.355 3.312 3.296 3.322 3.309 3.286 3.277 3.273 3.271
 1.0000 0.017740   73 3.37072440e+07    1.000 -0.073  3.7570  4.491    0  0.000  0.538     0.00     0.00 -1 -1.21e-13      0.00 7.019e-01 2.803e-01 3.155e-03 8.616e-04 7.825e-03 -1.000 1.778e-02 0 4.952 5.809 5.710 5.044 4.277 3.809 3.484 3.443 3.429 3.451 3.440 3.419 3.411 3.406 3.405
 1.0000 0.017740   74 3.61369840e+07    1.000 -0.109  3.7558  4.522    0  0.000  0.538     0.00     0.00 -1 -1.08e-13      0.00 7.020e-01 2.802e-01 3.155e-03 8.615e-04 7.825e-03 -1.000 1.778e-02 0 5.042 5.914 5.809 5.136 4.365 3.893 3.566 3.524 3.510 3.533 3.521 3.500 3.492 3.487 3.486
 1.0000 0.017740   75 3.94253760e+07    1.000 -0.136  3.7537  4.541    0  0.000  0.538     0.00     0.00 -1  -9.9e-14      0.00 7.020e-01 2.802e-01 3.155e-03 8.615e-04 7.825e-03 -1.000 1.779e-02 0 5.110 6.008 5.890 5.208 4.429 3.952 3.620 3.577 3.562 3.587 3.574 3.552 3.544 3.540 3.538
 1.0000 0.017740   76 4.47821760e+07    1.000 -0.162  3.7510  4.556    0  0.000  0.538     0.00     0.00 -1 -9.14e-14      0.00 7.020e-01 2.802e-01 3.154e-03 8.614e-04 7.824e-03 -1.000 1.779e-02 0 5.175 6.107 5.973 5.279 4.488 4.005 3.666 3.622 3.607 3.632 3.619 3.597 3.588 3.584 3.582
 1.0000 0.017740   77 6.56901400e+07    1.000 -0.156  3.7514  4.552    0  0.000  0.538     0.00     0.00 -1 -9.27e-14      0.00 7.022e-01 2.800e-01 3.153e-03 8.609e-04 7.820e-03 -1.000 1.777e-02 0 5.160 6.086 5.954 5.263 4.474 3.991 3.653 3.610 3.595 3.620 3.607 3.585 3.576 3.572 3.570
 1.0000 0.017740   78 8.05716720e+07    1.000 -0.152  3.7518  4.549    0  0.000  0.538     0.00     0.00 -1 -9.36e-14      0.00 7.023e-01 2.799e-01 3.152e-03 8.607e-04 7.817e-03 -1.000 1.776e-02 0 5.150 6.072 5.943 5.252 4.465 3.983 3.646 3.603 3.588 3.613 3.600 3.578 3.569 3.565 3.564
 1.0000 0.017740   79 4.25528992e+08    1.000 -0.136  3.7529  4.538    1  0.000  0.537     0.00     0.00 -1 -9.81e-14      0.00 7.049e-01 2.774e-01 3.127e-03 8.539e-04 7.756e-03 -1.000 1.767e-02 1 5.111 6.018 5.896 5.211 4.428 3.950 3.615 3.572 3.557 3.582 3.570 3.548 3.539 3.535 3.533
 1.0000 0.017740   80 7.38431104e+08    1.000 -0.127  3.7537  4.531    1  0.000  0.537     0.00     0.00 -1 -1.01e-13      0.00 7.072e-01 2.752e-01 3.104e-03 8.478e-04 7.702e-03 -1.000 1.755e-02 1 5.087 5.984 5.867 5.185 4.406 3.929 3.596 3.554 3.539 3.563 3.551 3.529 3.520 3.516 3.515
 1.0000 0.017740   81 1.04976378e+09    1.000 -0.117  3.7544  4.525    1  0.000  0.537     0.00     0.00 -1 -1.04e-13      0.00 7.096e-01 2.731e-01 3.082e-03 8.418e-04 7.648e-03 -1.000 1.738e-02 1 5.063 5.952 5.839 5.160 4.383 3.908 3.577 3.535 3.521 3.545 3.532 3.511 3.502 3.498 3.497
 1.0000 0.017740   82 1.35960192e+09    1.000 -0.108  3.7551  4.518    1  0.000  0.537     0.00     0.00 -1 -1.07e-13      0.00 7.119e-01 2.709e-01 3.060e-03 8.359e-04 7.594e-03 -1.000 1.723e-02 1 5.040 5.920 5.810 5.135 4.361 3.888 3.559 3.517 3.502 3.526 3.514 3.493 3.484 3.480 3.479
 1.0000 0.017740   83 1.66781990e+09    1.000 -0.099  3.7558  4.512    1  0.000  0.537     0.00     0.00 -1  -1.1e-13      0.00 7.141e-01 2.688e-01 3.039e-03 8.300e-04 7.542e-03 -1.000 1.712e-02 1 5.016 5.887 5.782 5.110 4.339 3.868 3.540 3.498 3.484 3.507 3.495 3.474 3.466 3.461 3.460
 1.0000 0.017740   84 1.97400704e+09    1.000 -0.089  3.7565  4.505    1  0.000  0.537     0.00     0.00 -1 -1.14e-13      0.00 7.163e-01 2.666e-01 3.017e-03 8.243e-04 7.490e-03 -1.000 1.701e-02 1 4.993 5.855 5.754 5.085 4.317 3.847 3.521 3.480 3.465 3.488 3.477 3.456 3.447 3.443 3.442
 1.0000 0.017740   85 2.27822669e+09    1.000 -0.079  3.7572  4.498    1  0.000  0.537     0.00     0.00 -1 -1.17e-13      0.00 7.186e-01 2.646e-01 2.996e-03 8.186e-04 7.439e-03 -1.000 1.688e-02 1 4.969 5.823 5.726 5.060 4.294 3.826 3.502 3.461 3.446 3.469 3.457 3.437 3.428 3.424 3.423
 1.0000 0.017740   86 2.56856269e+09    1.000 -0.070  3.7578  4.491    1  0.000  0.537     0.00     0.00 -1 -1.21e-13      0.00 7.207e-01 2.626e-01 2.976e-03 8.131e-04 7.390e-03 -1.000 1.676e-02 1 4.945 5.792 5.698 5.035 4.272 3.806 3.483 3.442 3.428 3.450 3.439 3.418 3.410 3.405 3.404
 1.0000 0.017740   87 2.86912896e+09    1.000 -0.060  3.7585  4.484    1  0.000  0.537     0.00     0.00 -1 -1.24e-13      0.00 7.228e-01 2.605e-01 2.955e-03 8.076e-04 7.340e-03 -1.000 1.671e-02 1 4.921 5.759 5.669 5.009 4.249 3.784 3.463 3.422 3.408 3.430 3.419 3.399 3.390 3.386 3.384
 1.0000 0.017740   88 3.16748160e+09    1.000 -0.050  3.7591  4.477    1  0.000  0.537     0.00     0.00 -1 -1.28e-13      0.00 7.250e-01 2.585e-01 2.935e-03 8.021e-04 7.291e-03 -1.000 1.656e-02 1 4.896 5.727 5.640 4.983 4.225 3.762 3.442 3.402 3.388 3.409 3.398 3.378 3.370 3.366 3.364
 1.0000 0.017740   89 3.46392499e+09    0.999 -0.040  3.7597  4.469    1  0.000  0.537     0.00     0.00 -1 -1.33e-13      0.00 7.271e-01 2.565e-01 2.915e-03 7.967e-04 7.242e-03 -1.000 1.645e-02 1 4.871 5.694 5.611 4.956 4.201 3.739 3.421 3.381 3.367 3.388 3.377 3.358 3.349 3.345 3.344
 1.0000 0.017740   90 3.75884800e+09    0.999 -0.030  3.7603  4.461    1  0.000  0.537     0.00     0.00 -1 -1.37e-13      0.00 7.291e-01 2.545e-01 2.895e-03 7.913e-04 7.194e-03 -1.000 1.636e-02 1 4.845 5.661 5.581 4.929 4.176 3.716 3.399 3.359 3.346 3.367 3.356 3.337 3.328 3.324 3.322
 1.0000 0.017740   91 4.05231206e+09    0.999 -0.019  3.7609  4.453    1  0.000  0.536     0.00     0.00 -1 -1.42e-13      0.00 7.312e-01 2.526e-01 2.875e-03 7.860e-04 7.146e-03 -1.000 1.627e-02 1 4.819 5.628 5.551 4.902 4.151 3.693 3.377 3.337 3.324 3.345 3.334 3.315 3.306 3.302 3.300
 1.0000 0.017740   92 4.34405581e+09    0.999 -0.009  3.7614  4.444    1  0.000  0.536     0.00     0.00 -1 -1.47e-13      0.00 7.332e-01 2.506e-01 2.856e-03 7.809e-04 7.100e-03 -1.000 1.615e-02 1 4.792 5.595 5.521 4.874 4.126 3.669 3.354 3.315 3.301 3.322 3.311 3.292 3.284 3.279 3.278
 1.0000 0.017740   93 4.63435264e+09    0.999  0.002  3.7620  4.436    1  0.000  0.536     0.00     0.00 -1 -1.52e-13      0.00 7.352e-01 2.487e-01 2.837e-03 7.757e-04 7.053e-03 -1.000 1.603e-02 1 4.765 5.562 5.490 4.846 4.100 3.644 3.331 3.291 3.278 3.298 3.288 3.269 3.261 3.256 3.255
 1.0000 0.017740   94 4.92369050e+09    0.999  0.013  3.7625  4.427    1  0.000  0.536     0.00     0.00 -1 -1.57e-13      0.00 7.372e-01 2.469e-01 2.818e-03 7.706e-04 7.008e-03 -1.000 1.593e-02 1 4.738 5.528 5.460 4.817 4.073 3.619 3.307 3.268 3.254 3.274 3.264 3.245 3.237 3.232 3.231
 1.0000 0.017740   95 5.22400102e+09    0.999  0.025  3.7629  4.417    1  0.000  0.536     0.00     0.00 -1 -1.64e-13      0.00 7.392e-01 2.449e-01 2.799e-03 7.654e-04 6.960e-03 -1.000 1.583e-02 1 4.709 5.493 5.427 4.787 4.045 3.592 3.281 3.242 3.229 3.248 3.238 3.220 3.211 3.207 3.206
 1.0000 0.017740   96 5.51271578e+09    0.999  0.036  3.7634  4.407    1  0.000  0.536     0.00     0.00 -1  -1.7e-13      0.00 7.412e-01 2.431e-01 2.781e-03 7.604e-04 6.916e-03 -1.000 1.574e-02 1 4.680 5.459 5.395 4.757 4.017 3.565 3.255 3.216 3.203 3.222 3.212 3.194 3.186 3.181 3.180
 1.0000 0.017740   97 5.80330752e+09    0.999  0.048  3.7638  4.397    1  0.000  0.536     0.00     0.00 -1 -1.77e-13      0.00 7.431e-01 2.413e-01 2.762e-03 7.556e-04 6.872e-03 -1.000 1.562e-02 1 4.650 5.425 5.363 4.727 3.988 3.537 3.228 3.189 3.176 3.196 3.185 3.167 3.159 3.154 3.153
 1.0000 0.017740   98 6.36757299e+09    0.999  0.072  3.7644  4.375    1  0.000  0.536     0.00     0.00 -1 -1.91e-13      0.00 7.467e-01 2.378e-01 2.728e-03 7.462e-04 6.788e-03 -1.000 1.542e-02 1 4.590 5.356 5.298 4.665 3.929 3.480 3.173 3.134 3.121 3.140 3.130 3.112 3.104 3.099 3.098
 1.0000 0.017740   99 6.65890867e+09    0.999  0.085  3.7647  4.363    1  0.000  0.536     0.00     0.00 -1    -2e-13      0.00 7.485e-01 2.361e-01 2.710e-03 7.415e-04 6.746e-03 -1.000 1.536e-02 1 4.557 5.321 5.264 4.632 3.897 3.448 3.142 3.103 3.091 3.109 3.099 3.082 3.073 3.069 3.067
 1.0000 0.017740  100 7.20874445e+09    0.999  0.110  3.7650  4.339    1  0.000  0.536     0.00     0.00 -1 -2.18e-13      0.00 7.519e-01 2.329e-01 2.678e-03 7.330e-04 6.669e-03 -1.000 1.518e-02 1 4.495 5.254 5.198 4.568 3.835 3.387 3.081 3.043 3.030 3.048 3.038 3.021 3.012 3.008 3.007
 1.0000 0.017740  101 7.76350106e+09    0.999  0.135  3.7647  4.313    1  0.000  0.535     0.00     0.00 -1 -2.38e-13      0.00 7.551e-01 2.299e-01 2.649e-03 7.250e-04 6.598e-03 -1.000 1.502e-02 1 4.432 5.194 5.136 4.506 3.771 3.323 3.017 2.978 2.965 2.984 2.974 2.956 2.948 2.943 2.942
 1.0000 0.017740  102 8.29208883e+09    0.999  0.162  3.7642  4.284    1  0.000  0.535     0.00     0.00 -1 -2.61e-13      0.00 7.576e-01 2.275e-01 2.625e-03 7.185e-04 6.539e-03 -1.000 1.489e-02 1 4.365 5.134 5.073 4.440 3.704 3.254 2.947 2.908 2.895 2.913 2.903 2.885 2.877 2.872 2.871
 1.0000 0.017740  103 8.72848691e+09    0.998  0.188  3.7638  4.257    1  0.000  0.535     0.00     0.00 -1 -2.85e-13      0.00 7.578e-01 2.273e-01 2.624e-03 7.183e-04 6.538e-03 -1.000 1.487e-02 1 4.301 5.074 5.011 4.376 3.639 3.188 2.880 2.841 2.827 2.846 2.836 2.818 2.809 2.805 2.804
 1.0000 0.017740  104 8.79289344e+09    0.998  0.192  3.7637  4.253    1  0.000  0.535     0.00     0.00 -1  -2.9e-13      0.00 7.578e-01 2.273e-01 2.624e-03 7.184e-04 6.539e-03 -1.000 1.487e-02 1 4.291 5.065 5.001 4.367 3.629 3.178 2.870 2.830 2.817 2.836 2.826 2.808 2.799 2.795 2.793
 1.0000 0.017740  105 9.22578637e+09    0.998  0.220  3.7627  4.220    1  0.000  0.535     0.00     0.00 -1 -3.21e-13      0.00 7.572e-01 2.278e-01 2.631e-03 7.202e-04 6.555e-03 -1.000 1.497e-02 1 4.220 5.006 4.936 4.298 3.556 3.102 2.792 2.753 2.739 2.758 2.748 2.729 2.721 2.716 2.715
 1.0000 0.017740  106 9.52253338e+09    0.998  0.241  3.7615  4.194    1  0.000  0.535     0.00     0.00 -1 -3.47e-13      0.00 7.565e-01 2.285e-01 2.640e-03 7.227e-04 6.578e-03 -1.000 1.500e-02 1 4.168 4.967 4.891 4.247 3.502 3.045 2.732 2.691 2.677 2.697 2.687 2.667 2.659 2.654 2.653
 1.0000 0.017740  107 9.84892006e+09    0.998  0.265  3.7595  4.162    1  0.000  0.535     0.00     0.00 -1 -3.81e-13      0.00 7.550e-01 2.299e-01 2.657e-03 7.275e-04 6.621e-03 -1.000 1.506e-02 1 4.106 4.929 4.842 4.190 3.437 2.974 2.657 2.616 2.602 2.623 2.612 2.591 2.583 2.578 2.577
 1.0000 0.017740  108 1.01186089e+10    0.998  0.287  3.7573  4.132    1  0.000  0.535     0.00     0.00 -1 -4.14e-13      0.00 7.533e-01 2.316e-01 2.677e-03 7.331e-04 6.672e-03 -1.000 1.511e-02 1 4.054 4.902 4.803 4.142 3.380 2.912 2.589 2.548 2.532 2.555 2.543 2.522 2.513 2.509 2.508
 1.0000 0.017740  109 1.03935990e+10    0.998  0.309  3.7529  4.092    2  0.000  0.535     0.00     0.00 -1 -4.56e-13      0.00 7.477e-01 2.368e-01 2.737e-03 7.492e-04 6.820e-03 -1.000 1.552e-02 2 3.998 4.897 4.776 4.095 3.316 2.837 2.505 2.461 2.445 2.469 2.457 2.434 2.425 2.421 2.419
 1.0000 0.017740  110 1.06371400e+10    0.998  0.327  3.7470  4.050    2  0.000  0.535     0.00     0.00 -1 -4.98e-13      0.00 7.418e-01 2.424e-01 2.796e-03 7.654e-04 6.966e-03 -1.000 1.584e-02 2 3.953 4.927 4.771 4.064 3.261 2.766 2.420 2.374 2.356 2.384 2.370 2.344 2.335 2.331 2.330
 1.0000 0.017740  111 1.08771799e+10    0.998  0.340  3.7372  3.997    2  0.000  0.536     0.00     0.00 -1 -5.47e-13      0.00 7.338e-01 2.499e-01 2.872e-03 7.859e-04 7.149e-03 -1.000 1.627e-02 2 3.919 5.020 4.807 4.055 3.213 2.691 2.321 2.270 2.250 2.284 2.268 2.237 2.228 2.224 2.223
 1.0000 0.017740  112 1.10028452e+10    0.998  0.342  3.7280  3.959    2  0.000  0.536     0.00     0.00 -1 -5.75e-13      0.00 7.284e-01 2.551e-01 2.921e-03 7.991e-04 7.268e-03 -1.000 1.654e-02 2 3.916 5.153 4.874 4.080 3.199 2.651 2.256 2.202 2.179 2.218 2.201 2.165 2.156 2.151 2.152
 1.0000 0.017740  113 1.10807890e+10    0.997  0.340  3.7198  3.928    2  0.000  0.536     0.00     0.00 -1 -5.94e-13      0.00 7.245e-01 2.587e-01 2.955e-03 8.081e-04 7.348e-03 -1.000 1.672e-02 2 3.920 5.280 4.942 4.112 3.196 2.624 2.207 2.149 2.125 2.167 2.148 2.109 2.100 2.095 2.097
 1.0000 0.017740  114 1.11472323e+10    0.997  0.342  3.7114  3.893    2  0.000  0.536     0.00     0.00 -1  -6.2e-13      0.00 7.212e-01 2.620e-01 2.984e-03 8.158e-04 7.416e-03 -1.000 1.684e-02 2 3.916 5.407 5.006 4.139 3.185 2.588 2.148 2.086 2.059 2.106 2.085 2.043 2.033 2.029 2.031
 1.0000 0.017740  115 1.12114831e+10    0.997  0.355  3.7035  3.848    2  0.000  0.537     0.00     0.00 -1 -6.73e-13      0.00 7.178e-01 2.651e-01 3.010e-03 8.227e-04 7.478e-03 -1.000 1.703e-02 2 3.881 5.498 5.038 4.138 3.147 2.525 2.062 1.996 1.967 2.017 1.995 1.950 1.940 999.999 999.999
 1.0000 0.017740  116 1.12726006e+10    0.997  0.383  3.6972  3.795    2  0.000  0.537     0.00     0.00 -1  -7.6e-13      0.00 7.146e-01 2.683e-01 3.032e-03 8.287e-04 7.531e-03 -1.000 1.713e-02 2 3.813 5.531 5.024 4.096 3.076 2.434 1.952 1.883 1.852 1.906 1.883 1.834 1.824 999.999 999.999
 1.0000 0.017740  117 1.13052416e+10    0.997  0.401  3.6942  3.764    2  0.000  0.537     0.00     0.00 -1 -8.21e-13      0.00 7.128e-01 2.700e-01 3.044e-03 8.317e-04 7.558e-03 -1.000 1.717e-02 2 3.766 5.533 5.005 4.064 3.029 2.378 1.887 1.816 1.784 1.839 1.815 1.766 1.757 999.999 999.999
 1.0000 0.017740  118 1.13323141e+10    0.997  0.424  3.6925  3.734    2  0.000  0.537     0.00     0.00 -1 -8.95e-13      0.00 7.113e-01 2.715e-01 3.051e-03 8.339e-04 7.577e-03 -1.000 1.721e-02 2 3.709 5.503 4.963 4.016 2.972 2.315 1.819 1.747 1.715 1.771 1.747 1.696 1.689 999.999 999.999
 1.0000 0.017740  119 1.13775944e+10    0.997  0.466  3.6900  3.683    3  0.000  0.537     0.00     0.00 -1 -1.04e-12      0.00 7.085e-01 2.743e-01 3.061e-03 8.376e-04 7.606e-03 -1.000 1.727e-02 3 3.605 5.439 4.882 3.924 2.868 2.203 1.699 1.626 1.592 1.650 1.625 1.574 1.568 999.999 999.999
 1.0000 0.017740  120 1.14248940e+10    0.997  0.516  3.6880  3.624    3  0.000  0.535     0.00     0.00 -1 -1.25e-12      0.00 7.052e-01 2.775e-01 3.060e-03 8.445e-04 7.632e-03 -1.000 1.732e-02 3 3.479 5.346 4.776 3.808 2.743 2.071 1.561 1.486 1.452 1.511 1.485 1.433 1.430 999.999 999.999
 1.0000 0.017740  121 1.14631598e+10    0.997  0.562  3.6866  3.573    3  0.000  0.530     0.00     0.00 -1 -1.48e-12      0.00 7.021e-01 2.805e-01 3.038e-03 8.624e-04 7.651e-03 -1.000 1.737e-02 3 3.365 5.253 4.675 3.701 2.629 1.952 1.439 1.363 1.328 1.388 1.362 1.309 1.309 999.999 999.999
 1.0000 0.017740  122 1.14952346e+10    0.997  0.604  3.6855  3.527    3  0.000  0.521     0.00     0.00 -1 -1.72e-12      0.00 6.995e-01 2.831e-01 2.996e-03 9.020e-04 7.664e-03 -1.000 1.740e-02 3 3.261 5.165 4.580 3.601 2.525 1.845 1.329 1.252 1.216 1.277 1.251 1.197 1.199 999.999 999.999
 1.0000 0.017740  123 1.15258644e+10    0.997  0.647  3.6845  3.480    3  0.000  0.510     0.00     0.00 -1    -2e-12      0.00 6.970e-01 2.856e-01 2.936e-03 9.697e-04 7.675e-03 -1.000 1.744e-02 3 3.153 5.074 4.483 3.498 2.417 1.734 1.215 1.138 1.101 1.162 1.136 1.081 1.086 999.999 999.999
 1.0000 0.017740  124 1.15545948e+10    0.997  0.690  3.6836  3.432    3  0.000  0.498     0.00     0.00 -1 -2.34e-12      0.00 6.946e-01 2.879e-01 2.868e-03 1.053e-03 7.684e-03 -1.000 1.751e-02 3 3.044 4.984 4.383 3.393 2.308 1.621 1.100 1.022 0.985 1.047 1.020 0.965 0.971 999.999 999.999
 1.0000 0.017740  125 1.15814451e+10    0.997  0.735  3.6825  3.384    3  0.000  0.487     0.00     0.00 -1 -2.74e-12      0.00 6.925e-01 2.900e-01 2.810e-03 1.127e-03 7.691e-03 -1.000 1.754e-02 3 2.933 4.892 4.283 3.287 2.197 1.507 0.983 0.904 0.867 0.930 0.903 0.847 0.854 999.999 999.999
 1.0000 0.017740  126 1.16044595e+10    0.997  0.776  3.6815  3.339    3  0.000  0.480     0.00     0.00 -1 -3.17e-12      0.00 6.909e-01 2.915e-01 2.771e-03 1.178e-03 7.695e-03 -1.000 1.756e-02 3 2.830 4.808 4.191 3.190 2.095 1.401 0.875 0.795 0.757 0.820 0.793 0.736 0.746 999.999 999.999
 1.0000 0.017740  127 1.16280678e+10    0.997  0.821  3.6803  3.289    3  0.000  0.474     0.00     0.00 -1 -3.73e-12      0.00 6.895e-01 2.930e-01 2.737e-03 1.222e-03 7.700e-03 -1.000 1.756e-02 3 2.717 4.716 4.090 3.083 1.982 1.284 0.754 0.673 0.634 0.699 0.672 0.614 0.626 999.999 999.999
 1.0000 0.017740  128 1.16482550e+10    0.997  0.864  3.6791  3.241    3  0.000  0.470     0.00     0.00 -1 -4.34e-12      0.00 6.885e-01 2.939e-01 2.716e-03 1.249e-03 7.702e-03 -1.000 1.758e-02 3 2.611 4.632 3.998 2.984 1.876 1.174 0.642 0.559 0.520 0.585 0.557 0.499 0.514 999.999 999.999
 1.0000 0.017740  129 1.16669420e+10    0.997  0.906  3.6778  3.194    3  0.000  0.467     0.00     0.00 -1 -5.06e-12      0.00 6.876e-01 2.948e-01 2.698e-03 1.272e-03 7.705e-03 -1.000 1.756e-02 3 2.505 4.550 3.906 2.885 1.771 1.064 0.528 0.444 0.404 0.471 0.443 0.384 0.402 999.999 999.999
 1.0000 0.017740  130 1.16833925e+10    0.996  0.947  3.6765  3.148    3  0.000  0.465     0.00     0.00 -1 -5.86e-12      0.00 6.870e-01 2.954e-01 2.686e-03 1.288e-03 7.706e-03 -1.000 1.758e-02 3 2.403 4.472 3.818 2.791 1.671 0.959 0.420 0.334 0.294 0.361 0.333 0.273 0.294 999.999 999.999
 1.0000 0.017740  131 1.16987658e+10    0.996  0.988  3.6750  3.101    3  0.000  0.463     0.00     0.00 -1 -6.79e-12      0.00 6.866e-01 2.958e-01 2.679e-03 1.298e-03 7.707e-03 -1.000 1.757e-02 3 2.301 4.394 3.731 2.696 1.569 0.852 0.309 0.222 0.181 0.249 0.221 0.160 0.184 999.999 999.999
 1.0000 0.017740  132 1.17131735e+10    0.996  1.029  3.6735  3.053    3  0.000  0.463     0.00     0.00 -1 -7.88e-12      0.00 6.863e-01 2.961e-01 2.673e-03 1.305e-03 7.708e-03 -1.000 1.758e-02 3 2.197 4.318 3.643 2.602 1.466 0.744 0.197 0.108 0.066 0.136 0.107 0.045 0.074 999.999 999.999
 1.0000 0.017740  133 1.17265684e+10    0.996  1.071  3.6719  3.005    3  0.000  0.462     0.00     0.00 -1 -9.19e-12      0.00 6.862e-01 2.963e-01 2.670e-03 1.309e-03 7.708e-03 -1.000 1.758e-02 3 2.093 4.242 3.556 2.506 1.363 0.635 0.084 -0.007 -0.049 0.021 -0.008 -0.070 -0.038 999.999 999.999
 1.0000 0.017740  134 1.17382830e+10    0.996  1.110  3.6703  2.959    3  0.000  0.462     0.00     0.00 -1 -1.06e-11      0.00 6.861e-01 2.963e-01 2.669e-03 1.310e-03 7.709e-03 -1.000 1.757e-02 3 1.994 4.173 3.475 2.416 1.265 0.531 -0.025 -0.116 -0.160 -0.088 -0.118 -0.181 -0.145 999.999 999.999
 1.0000 0.017740  135 1.17491589e+10    0.996  1.150  3.6686  2.913    3  0.000  0.462     0.00     0.00 -1 -1.22e-11      0.00 6.861e-01 2.963e-01 2.669e-03 1.310e-03 7.709e-03 -1.000 1.756e-02 3 1.895 4.106 3.394 2.327 1.167 0.427 -0.133 -0.226 -0.271 -0.198 -0.228 -0.292 -0.252 999.999 999.999
 1.0000 0.017740  136 1.17621637e+10    0.996  1.202  3.6664  2.852    3  0.000  0.462     0.00     0.00 -1 -1.48e-11      0.00 6.861e-01 2.963e-01 2.669e-03 1.310e-03 7.709e-03 -1.000 1.756e-02 3 1.766 4.021 3.290 2.212 1.039 0.292 -0.274 -0.370 -0.416 -0.341 -0.372 -0.437 -0.391 999.999 999.999
 1.0000 0.017740  137 1.17712435e+10    0.996  1.241  3.6646  2.806    3  0.000  0.462     0.00     0.00 -1  -1.7e-11      0.00 6.861e-01 2.963e-01 2.669e-03 1.310e-03 7.709e-03 -1.000 1.756e-02 3 1.669 3.958 3.213 2.126 0.944 0.190 -0.381 -0.478 -0.525 -0.449 -0.480 -0.547 -0.496 999.999 999.999
 1.0000 0.017740  138 1.17821174e+10    0.995  1.291  3.6623  2.746    3  0.000  0.462     0.00     0.00 -1 -2.05e-11      0.00 6.861e-01 2.963e-01 2.669e-03 1.310e-03 7.709e-03 -1.000 1.756e-02 3 1.542 3.878 3.113 2.014 0.819 0.057 -0.520 -0.621 -0.668 -0.590 -0.623 -0.691 -0.632 999.999 999.999
 1.0000 0.017740  139 1.17920246e+10    0.995  1.341  3.6598  2.686    3  0.000  0.462     0.00     0.00 -1 -2.47e-11      0.00 6.861e-01 2.963e-01 2.669e-03 1.310e-03 7.709e-03 -1.000 1.756e-02 3 1.417 3.802 3.017 1.905 0.696 -0.075 -0.658 -0.761 -0.810 -0.730 -0.764 -0.833 -0.767 999.999 999.999
 1.0000 0.017740  140 1.18012436e+10    0.995  1.390  3.6574  2.627    3  0.000  0.462     0.00     0.00 -1 -2.96e-11      0.00 6.861e-01 2.963e-01 2.669e-03 1.310e-03 7.709e-03 -1.000 1.756e-02 3 1.295 3.728 2.923 1.798 0.576 -0.204 -0.793 -0.899 -0.949 -0.868 -0.902 -0.972 -0.899 999.999 999.999
 1.0000 0.017740  141 1.18106911e+10    0.995  1.438  3.6549  2.569    3  0.000  0.462     0.00     0.00 -1 -3.53e-11      0.00 6.861e-01 2.963e-01 2.669e-03 1.310e-03 7.709e-03 -1.000 1.756e-02 3 1.175 3.658 2.831 1.694 0.459 -0.330 -0.926 -1.035 -1.086 -1.003 -1.038 -1.110 -1.029 999.999 999.999
 1.0000 0.017740  142 1.18199327e+10    0.994  1.467  3.6535  2.535    3  0.000  0.462     0.00     0.00 -1 -3.95e-11      0.00 6.861e-01 2.963e-01 2.669e-03 1.310e-03 7.709e-03 -1.000 1.756e-02 3 1.104 3.615 2.777 1.631 0.388 -0.406 -1.005 -1.116 -1.167 -1.083 -1.118 -1.191 -1.106 999.999 999.999
 1.0000 0.017740  143 1.18259896e+10    0.994  1.446  3.6550  2.561    3  0.000  0.462     0.00     0.00 -1  -3.7e-11      0.00 6.861e-01 2.963e-01 2.669e-03 1.310e-03 7.709e-03 -1.000 1.756e-02 3 1.154 3.638 2.811 1.672 0.438 -0.351 -0.946 -1.056 -1.107 -1.024 -1.058 -1.130 -1.050 999.999 999.999
 1.0000 0.017740  144 1.18310728e+10    0.994  1.406  3.6575  2.611    3  0.000  0.462     0.00     0.00 -1  -3.2e-11      0.00 6.861e-01 2.963e-01 2.669e-03 1.310e-03 7.709e-03 -1.000 1.756e-02 3 1.255 3.689 2.882 1.757 0.536 -0.243 -0.832 -0.938 -0.988 -0.907 -0.940 -1.011 -0.938 999.999 999.999
 1.0000 0.017740  145 1.18324705e+10    0.994  1.395  3.6582  2.625    3  0.000  0.462     0.00     0.00 -1 -3.05e-11      0.00 6.861e-01 2.963e-01 2.669e-03 1.310e-03 7.709e-03 -1.000 1.756e-02 3 1.281 3.702 2.901 1.779 0.562 -0.215 -0.802 -0.908 -0.957 -0.876 -0.910 -0.980 -0.909 999.999 999.999
 1.0000 0.017740  146 1.18338591e+10    0.994  1.405  3.6577  2.613    3  0.000  0.462     0.00     0.00 -1 -3.14e-11      0.00 6.861e-01 2.963e-01 2.669e-03 1.310e-03 7.709e-03 -1.000 1.756e-02 3 1.259 3.689 2.884 1.759 0.539 -0.240 -0.828 -0.934 -0.984 -0.902 -0.936 -1.007 -0.934 999.999 999.999
 1.0000 0.017740  147 1.18408182e+10    0.993  1.453  3.6551  2.555    3  0.000  0.462     0.00     0.00 -1 -3.72e-11      0.00 6.861e-01 2.963e-01 2.669e-03 1.310e-03 7.709e-03 -1.000 1.756e-02 3 1.138 3.620 2.793 1.655 0.421 -0.367 -0.962 -1.071 -1.122 -1.039 -1.073 -1.145 -1.065 999.999 999.999
 1.0000 0.017740  148 1.18480026e+10    0.993  1.503  3.6524  2.494    3  0.000  0.462     0.00     0.00 -1 -4.48e-11      0.00 6.861e-01 2.963e-01 2.669e-03 1.310e-03 7.709e-03 -1.000 1.756e-02 3 1.013 3.554 2.703 1.550 0.300 -0.499 -1.101 -1.213 -1.266 -1.181 -1.216 -1.290 -1.201 999.999 999.999
 1.0000 0.017740  149 1.18544609e+10    0.993  1.551  3.6497  2.435    3  0.000  0.462     0.00     0.00 -1 -5.35e-11      0.00 6.861e-01 2.963e-01 2.669e-03 1.310e-03 7.709e-03 -1.000 1.756e-02 3 0.893 3.499 2.619 1.452 0.184 -0.626 -1.234 -1.350 -1.405 -1.317 -1.354 -1.428 -1.332 999.999 999.999
 1.0000 0.017740  150 1.18604524e+10    0.992  1.599  3.6469  2.376    3  0.000  0.462     0.00     0.00 -1  -6.4e-11      0.00 6.861e-01 2.963e-01 2.669e-03 1.310e-03 7.709e-03 -1.000 1.756e-02 3 0.773 3.445 2.536 1.353 0.067 -0.753 -1.368 -1.488 -1.544 -1.455 -1.493 -1.568 -1.463 999.999 999.999
 1.0000 0.017740  151 1.18659768e+10    0.992  1.647  3.6441  2.316    3  0.000  0.462     0.00     0.00 -1 -7.66e-11      0.00 6.861e-01 2.963e-01 2.669e-03 1.310e-03 7.709e-03 -1.000 1.756e-02 3 0.653 3.394 2.453 1.255 -0.049 -0.880 -1.503 -1.626 -1.684 -1.592 -1.632 -1.707 -1.595 999.999 999.999
 1.0000 0.017740  152 1.18709340e+10    0.992  1.694  3.6413  2.257    3  0.000  0.462     0.00     0.00 -1 -9.14e-11      0.00 6.861e-01 2.963e-01 2.669e-03 1.310e-03 7.709e-03 -1.000 1.756e-02 3 0.535 3.345 2.374 1.160 -0.163 -1.004 -1.634 -1.762 -1.821 -1.728 -1.768 -1.844 -1.724 999.999 999.999
 1.0000 0.017740  153 1.18754918e+10    0.991  1.741  3.6384  2.199    3  0.000  0.462     0.00     0.00 -1 -1.09e-10      0.00 6.861e-01 2.963e-01 2.669e-03 1.310e-03 7.709e-03 -1.000 1.756e-02 3 0.417 3.301 2.296 1.066 -0.276 -1.129 -1.766 -1.898 -1.959 -1.863 -1.905 -1.982 -1.855 999.999 999.999
 1.0000 0.017740  154 1.18795930e+10    0.991  1.787  3.6355  2.141    3  0.000  0.462     0.00     0.00 -1  -1.3e-10      0.00 6.861e-01 2.963e-01 2.669e-03 1.310e-03 7.709e-03 -1.000 1.756e-02 3 0.301 3.262 2.222 0.975 -0.388 -1.252 -1.896 -2.033 -2.095 -1.997 -2.040 -2.118 -1.984 999.999 999.999
 1.0000 0.017740  155 1.18834033e+10    0.990  1.834  3.6325  2.081    3  0.000  0.462     0.00     0.00 -1 -1.55e-10      0.00 6.861e-01 2.963e-01 2.669e-03 1.310e-03 7.709e-03 -1.000 1.756e-02 3 0.184 3.225 2.148 0.884 -0.500 -1.376 -2.028 -2.169 -2.233 -2.133 -2.177 -2.256 -2.114 999.999 999.999
 1.0000 0.017740  156 1.18867753e+10    0.990  1.879  3.6296  2.025    3  0.000  0.462     0.00     0.00 -1 -1.83e-10      0.00 6.861e-01 2.963e-01 2.669e-03 1.310e-03 7.709e-03 -1.000 1.756e-02 3 0.072 3.191 2.078 0.798 -0.608 -1.495 -2.154 -2.300 -2.365 -2.264 -2.308 -2.388 -2.240 999.999 999.999
 1.0000 0.017740  157 1.18899364e+10    0.989  1.925  3.6266  1.967    3  0.000  0.462     0.00     0.00 -1 -2.18e-10      0.00 6.861e-01 2.963e-01 2.669e-03 1.310e-03 7.709e-03 -1.000 1.756e-02 3 -0.043 3.163 2.009 0.710 -0.717 -1.616 -2.282 -2.434 -2.500 -2.397 -2.443 -2.523 -2.368 999.999 999.999
 1.0000 0.017740  158 1.18927770e+10    0.988  1.970  3.6236  1.909    3  0.000  0.462     0.00     0.00 -1 -2.58e-10      0.00 6.861e-01 2.963e-01 2.669e-03 1.310e-03 7.709e-03 -1.000 1.756e-02 3 -0.155 3.139 1.944 0.628 -0.824 -1.736 -2.409 -2.566 -2.634 -2.529 -2.576 -2.657 -2.498 999.999 999.999
 1.0000 0.017740  159 1.18953738e+10    0.987  2.015  3.6206  1.852    3  0.000  0.462     0.00     0.00 -1 -3.06e-10      0.00 6.861e-01 2.963e-01 2.669e-03 1.310e-03 7.709e-03 -1.000 1.756e-02 3 -0.267 3.119 1.882 0.548 -0.931 -1.854 -2.536 -2.697 -2.767 -2.660 -2.709 -2.789 -2.628 999.999 999.999
 1.0000 0.017740  160 1.18977423e+10    0.987  2.059  3.6175  1.795    3  0.000  0.462     0.00     0.00 -1 -3.62e-10      0.00 6.861e-01 2.963e-01 2.669e-03 1.310e-03 7.709e-03 -1.000 1.756e-02 3 -0.378 3.102 1.821 0.469 -1.036 -1.973 -2.661 -2.828 -2.900 -2.790 -2.841 -2.922 -2.757 999.999 999.999
 1.0000 0.017740  161 1.18999112e+10    0.986  2.103  3.6144  1.738    3  0.000  0.462     0.00     0.00 -1 -4.28e-10      0.00 6.861e-01 2.963e-01 2.669e-03 1.310e-03 7.709e-03 -1.000 1.756e-02 3 -0.488 3.087 1.762 0.390 -1.141 -2.090 -2.786 -2.958 -3.032 -2.920 -2.973 -3.053 -2.885 999.999 999.999
 1.0000 0.017740  162 1.19018650e+10    0.985  2.146  3.6113  1.682    3  0.000  0.462     0.00     0.00 -1 -5.04e-10      0.00 6.861e-01 2.963e-01 2.669e-03 1.310e-03 7.709e-03 -1.000 1.756e-02 3 -0.596 3.074 1.706 0.317 -1.242 -2.205 -2.909 -3.086 -3.162 -3.048 -3.103 -3.182 -3.012 999.999 999.999
 1.0000 0.017740  163 1.19037041e+10    0.984  2.190  3.6081  1.625    3  0.000  0.462     0.00     0.00 -1 -5.96e-10      0.00 6.861e-01 2.963e-01 2.669e-03 1.310e-03 7.709e-03 -1.000 1.756e-02 3 -0.706 3.057 1.650 0.246 -1.346 -2.322 -3.035 -3.216 -3.294 -3.178 -3.235 -3.314 -3.146 999.999 999.999
 1.0000 0.017740  164 1.19053292e+10    0.983  2.232  3.6050  1.570    3  0.000  0.462     0.00     0.00 -1    -7e-10      0.00 6.861e-01 2.963e-01 2.669e-03 1.310e-03 7.709e-03 -1.000 1.756e-02 3 -0.810 3.044 1.600 0.180 -1.444 -2.433 -3.155 -3.341 -3.421 -3.302 -3.362 -3.441 -3.274 999.999 999.999
 1.0000 0.017740  165 1.19068559e+10    0.982  2.275  3.6018  1.514    3  0.000  0.462     0.00     0.00 -1 -8.24e-10      0.00 6.861e-01 2.963e-01 2.669e-03 1.310e-03 7.709e-03 -1.000 1.756e-02 3 -0.917 3.034 1.550 0.113 -1.543 -2.547 -3.277 -3.469 -3.551 -3.429 -3.491 -3.570 -3.404 999.999 999.999
 1.0000 0.017740  166 1.19082527e+10    0.980  2.317  3.5986  1.459    3  0.000  0.462     0.00     0.00 -1 -9.68e-10      0.00 6.861e-01 2.963e-01 2.669e-03 1.310e-03 7.709e-03 -1.000 1.756e-02 3 -1.022 3.030 1.503 0.048 -1.641 -2.659 -3.397 -3.595 -3.679 -3.554 -3.619 -3.697 -3.533 999.999 999.999
 1.0000 0.017740  167 1.19095050e+10    0.979  2.357  3.5954  1.405    3  0.000  0.462     0.00     0.00 -1 -1.13e-09      0.00 6.861e-01 2.963e-01 2.669e-03 1.310e-03 7.709e-03 -1.000 1.756e-02 3 -1.123 3.024 1.464 -0.004 -1.735 -2.768 -3.514 -3.717 -3.803 -3.676 -3.744 -3.822 -3.660 999.999 999.999
 1.0000 0.017740  168 1.19106857e+10    0.978  2.398  3.5921  1.350    3  0.000  0.462     0.00     0.00 -1 -1.33e-09      0.00 6.861e-01 2.963e-01 2.669e-03 1.310e-03 7.709e-03 -1.000 1.756e-02 3 -1.226 3.018 1.426 -0.056 -1.830 -2.879 -3.634 -3.842 -3.930 -3.800 -3.871 -3.949 -3.791 999.999 999.999
 1.0000 0.017740  169 1.19117824e+10    0.976  2.439  3.5888  1.295    3  0.000  0.462     0.00     0.00 -1 -1.55e-09      0.00 6.861e-01 2.963e-01 2.669e-03 1.310e-03 7.709e-03 -1.000 1.756e-02 3 -1.328 3.014 1.388 -0.107 -1.925 -2.990 -3.753 -3.967 -4.057 -3.924 -3.998 -4.075 -3.920 999.999 999.999
 1.0000 0.017740  170 1.19127572e+10    0.974  2.478  3.5855  1.242    3  0.000  0.462     0.00     0.00 -1 -1.81e-09      0.00 6.861e-01 2.963e-01 2.669e-03 1.310e-03 7.709e-03 -1.000 1.756e-02 3 -1.426 3.015 1.356 -0.154 -2.014 -3.095 -3.867 -4.087 -4.178 -4.043 -4.120 -4.197 -4.046 999.999 999.999
 1.0000 0.017740  171 1.19136809e+10    0.972  2.518  3.5821  1.188    3  0.000  0.462     0.00     0.00 -1 -2.11e-09      0.00 6.861e-01 2.963e-01 2.669e-03 1.310e-03 7.709e-03 -1.000 1.756e-02 3 -1.525 3.011 1.329 -0.192 -2.104 -3.203 -3.984 -4.209 -4.303 -4.164 -4.245 -4.322 -4.174 999.999 999.999
 1.0000 0.017740  172 1.19145216e+10    0.970  2.557  3.5788  1.135    3  0.000  0.462     0.00     0.00 -1 -2.46e-09      0.00 6.861e-01 2.963e-01 2.669e-03 1.310e-03 7.709e-03 -1.000 1.756e-02 3 -1.623 3.004 1.306 -0.222 -2.192 -3.310 -4.098 -4.329 -4.425 -4.283 -4.368 -4.444 -4.300 999.999 999.999
 1.0000 0.017740  173 1.19152773e+10    0.968  2.595  3.5754  1.083    3  0.000  0.462     0.00     0.00 -1 -2.85e-09      0.00 6.861e-01 2.963e-01 2.669e-03 1.310e-03 7.709e-03 -1.000 1.756e-02 3 -1.716 3.001 1.287 -0.248 -2.276 -3.412 -4.208 -4.445 -4.543 -4.398 -4.487 -4.563 -4.422 999.999 999.999
 1.0000 0.017740  174 1.19159951e+10    0.966  2.632  3.5719  1.030    3  0.000  0.462     0.00     0.00 -1 -3.31e-09      0.00 6.861e-01 2.963e-01 2.669e-03 1.310e-03 7.709e-03 -1.000 1.756e-02 3 -1.811 2.999 1.270 -0.274 -2.360 -3.515 -4.320 -4.563 -4.663 -4.514 -4.608 -4.683 -4.546 999.999 999.999
 1.0000 0.017740  175 1.19166638e+10    0.964  2.670  3.5684  0.978    3  0.000  0.462     0.00     0.00 -1 -3.84e-09      0.00 6.861e-01 2.963e-01 2.669e-03 1.310e-03 7.709e-03 -1.000 1.756e-02 3 -1.905 2.998 1.262 -0.287 -2.443 -3.620 -4.432 -4.680 -4.784 -4.632 -4.729 -4.804 -4.671 999.999 999.999
 1.0000 0.017740  176 1.19174226e+10    0.961  2.716  3.5641  0.913    3  0.000  0.462     0.00     0.00 -1  -4.6e-09      0.00 6.861e-01 2.963e-01 2.669e-03 1.310e-03 7.709e-03 -1.000 1.756e-02 3 -2.019 2.997 1.269 -0.280 -2.539 -3.747 -4.568 -4.823 -4.930 -4.775 -4.877 -4.952 -4.823 999.999 999.999
 1.0000 0.017740  177 1.19181046e+10    0.957  2.760  3.5597  0.850    3  0.000  0.462     0.00     0.00 -1 -5.49e-09      0.00 6.861e-01 2.963e-01 2.669e-03 1.310e-03 7.709e-03 -1.000 1.756e-02 3 -2.130 2.998 1.279 -0.270 -2.632 -3.870 -4.700 -4.962 -5.073 -4.914 -5.021 -5.096 -4.972 999.999 999.999
 1.0000 0.017740  178 1.19187343e+10    0.953  2.804  3.5554  0.787    3  0.000  0.462     0.00     0.00 -1 -6.53e-09      0.00 6.861e-01 2.963e-01 2.669e-03 1.310e-03 7.709e-03 -1.000 1.756e-02 3 -2.239 2.999 1.295 -0.253 -2.722 -3.993 -4.831 -5.101 -5.214 -5.053 -5.164 -5.240 -5.120 999.999 999.999
 1.0000 0.017740  179 1.19193108e+10    0.949  2.846  3.5510  0.725    3  0.000  0.462     0.00     0.00 -1 -7.77e-09      0.00 6.861e-01 2.963e-01 2.669e-03 1.310e-03 7.709e-03 -1.000 1.756e-02 3 -2.346 2.996 1.340 -0.194 -2.799 -4.114 -4.959 -5.237 -5.354 -5.189 -5.305 -5.381 -5.265 999.999 999.999
 1.0000 0.017740  180 1.19198433e+10    0.945  2.888  3.5465  0.663    3  0.000  0.462     0.00     0.00 -1 -9.22e-09      0.00 6.861e-01 2.963e-01 2.669e-03 1.310e-03 7.709e-03 -1.000 1.756e-02 3 -2.451 2.996 1.390 -0.130 -2.874 -4.234 -5.086 -5.372 -5.493 -5.324 -5.445 -5.522 -5.410 999.999 999.999
 1.0000 0.017740  181 1.19203328e+10    0.940  2.930  3.5421  0.601    3  0.000  0.462     0.00     0.00 -1 -1.09e-08      0.00 6.861e-01 2.963e-01 2.669e-03 1.310e-03 7.709e-03 -1.000 1.756e-02 3 -2.555 2.997 1.442 -0.065 -2.948 -4.351 -5.211 -5.505 -5.629 -5.457 -5.584 -5.660 -5.553 999.999 999.999
 1.0000 0.017740  182 1.19207895e+10    0.934  2.971  3.5376  0.540    3  0.000  0.462     0.00     0.00 -1 -1.29e-08      0.00 6.861e-01 2.963e-01 2.669e-03 1.310e-03 7.709e-03 -1.000 1.756e-02 3 -2.657 2.996 1.532 0.048 -2.998 -4.469 -5.334 -5.637 -5.765 -5.589 -5.721 -5.799 -5.696 999.999 999.999
 1.0000 0.017740  183 1.19212104e+10    0.928  3.011  3.5330  0.478    3  0.000  0.462     0.00     0.00 -1 -1.53e-08      0.00 6.861e-01 2.963e-01 2.669e-03 1.310e-03 7.709e-03 -1.000 1.756e-02 3 -2.758 2.998 1.630 0.169 -3.046 -4.585 -5.455 -5.767 -5.899 -5.721 -5.857 -5.936 -5.838 999.999 999.999
 1.0000 0.017740  184 1.19215954e+10    0.922  3.050  3.5285  0.419    3  0.000  0.462     0.00     0.00 -1 -1.79e-08      0.00 6.861e-01 2.963e-01 2.669e-03 1.310e-03 7.709e-03 -1.000 1.756e-02 3 -2.855 3.004 1.735 0.297 -3.091 -4.698 -5.573 -5.894 -6.030 -5.851 -5.991 -6.070 -5.977 999.999 999.999
 1.0000 0.017740  185 1.19219640e+10    0.914  3.089  3.5239  0.358    3  0.000  0.462     0.00     0.00 -1 -2.12e-08      0.00 6.861e-01 2.963e-01 2.669e-03 1.310e-03 7.709e-03 -1.000 1.756e-02 3 -2.953 3.005 1.869 0.467 -3.110 -4.812 -5.691 -6.021 -6.161 -5.981 -6.124 -6.206 -6.116 999.999 999.999
 1.0000 0.017740  186 1.19222958e+10    0.907  3.126  3.5194  0.298    3  0.000  0.462     0.00     0.00 -1 -2.48e-08      0.00 6.861e-01 2.963e-01 2.669e-03 1.310e-03 7.709e-03 -1.000 1.756e-02 3 -3.046 3.010 2.014 0.650 -3.119 -4.921 -5.804 -6.143 -6.288 -6.106 -6.252 -6.336 -6.250 999.999 999.999
 1.0000 0.017740  187 1.19225999e+10    0.898  3.163  3.5148  0.240    3  0.000  0.462     0.00     0.00 -1 -2.89e-08      0.00 6.861e-01 2.963e-01 2.669e-03 1.310e-03 7.709e-03 -1.000 1.756e-02 3 -3.136 3.019 2.166 0.840 -3.124 -5.027 -5.913 -6.263 -6.411 -6.228 -6.378 -6.463 -6.383 999.999 999.999
 1.0000 0.017740  188 1.19228948e+10    0.889  3.199  3.5102  0.181    3  0.000  0.462     0.00     0.00 -1 -3.39e-08      0.00 6.861e-01 2.963e-01 2.669e-03 1.310e-03 7.709e-03 -1.000 1.756e-02 3 -3.228 3.023 2.321 1.041 -3.112 -5.133 -6.023 -6.381 -6.535 -6.349 -6.501 -6.589 -6.514 999.999 999.999
 1.0000 0.017740  189 1.19231642e+10    0.879  3.234  3.5056  0.122    3  0.000  0.462     0.00     0.00 -1 -3.95e-08      0.00 6.861e-01 2.963e-01 2.669e-03 1.310e-03 7.709e-03 -1.000 1.756e-02 3 -3.315 3.028 2.484 1.251 -3.090 -5.236 -6.130 -6.496 -6.655 -6.466 -6.620 -6.712 -6.642 999.999 999.999
 1.0000 0.017740  190 1.19234212e+10    0.868  3.269  3.5009  0.063    3  0.000  0.462     0.00     0.00 -1 -4.62e-08      0.00 6.861e-01 2.963e-01 2.669e-03 1.310e-03 7.709e-03 -1.000 1.756e-02 3 -3.403 3.037 2.657 1.473 -3.064 -5.338 -6.237 -6.613 -6.776 -6.585 -6.742 -6.836 -6.772 999.999 999.999
 1.0000 0.017740  191 1.19236639e+10    0.856  3.304  3.4963  0.004    3  0.000  0.462     0.00     0.00 -1 -5.39e-08      0.00 6.861e-01 2.963e-01 2.669e-03 1.310e-03 7.709e-03 -1.000 1.756e-02 3 -3.490 3.038 2.782 1.621 -3.048 -5.439 -6.341 -6.724 -6.893 -6.698 -6.855 -6.954 -6.897 999.999 999.999
 1.0000 0.017740  192 1.19238892e+10    0.843  3.337  3.4918 -0.054    3  0.000  0.462     0.00     0.00 -1 -6.26e-08      0.00 6.861e-01 2.963e-01 2.669e-03 1.310e-03 7.709e-03 -1.000 1.756e-02 3 -3.572 3.037 2.899 1.755 -3.034 -5.537 -6.442 -6.831 -7.006 -6.812 -6.968 -7.073 -7.022 999.999 999.999
 1.0000 0.017740  193 1.19241052e+10    0.828  3.369  3.4873 -0.112    3  0.000  0.462     0.00     0.00 -1 -7.28e-08      0.00 6.861e-01 2.963e-01 2.669e-03 1.310e-03 7.709e-03 -1.000 1.756e-02 3 -3.654 3.039 3.021 1.892 -3.016 -5.634 -6.541 -6.937 -7.118 -6.925 -7.081 -7.191 -7.146 999.999 999.999
 1.0000 0.017740  194 1.19243592e+10    0.808  3.406  3.4821 -0.180    3  0.000  0.462     0.00     0.00 -1 -8.68e-08      0.00 6.861e-01 2.963e-01 2.669e-03 1.310e-03 7.709e-03 -1.000 1.756e-02 3 -3.746 3.038 3.115 1.971 -3.018 -5.742 -6.652 -7.054 -7.244 -7.051 -7.205 -7.322 -7.287 999.999 999.999
 1.0000 0.017740  195 1.19167140e+10    0.808  1.639  3.6641  2.315    4  0.000  0.470     0.00     0.00 -1    -1e-30      0.00 6.872e-01 2.952e-01 2.713e-03 1.254e-03 7.702e-03 -1.000 1.756e-02 4 0.673 3.051 2.247 1.124 -0.056 -0.814 -1.377 -1.478 -1.529 -1.444 -1.476 -1.551 -1.496 999.999 999.999
 1.0000 0.017740  196 1.19201137e+10    0.808  1.647  3.6636  2.305    4  0.000  0.470     0.00     0.00 -1    -1e-30      0.00 6.872e-01 2.952e-01 2.713e-03 1.254e-03 7.702e-03 -1.000 1.756e-02 4 0.653 3.043 2.234 1.108 -0.075 -0.835 -1.399 -1.501 -1.552 -1.467 -1.499 -1.574 -1.518 999.999 999.999
 1.0000 0.017740  197 1.19232963e+10    0.808  1.650  3.6635  2.302    4  0.000  0.470     0.00     0.00 -1    -1e-30      0.00 6.872e-01 2.952e-01 2.713e-03 1.254e-03 7.702e-03 -1.000 1.756e-02 4 0.646 3.037 2.228 1.101 -0.083 -0.842 -1.407 -1.509 -1.560 -1.475 -1.507 -1.582 -1.525 999.999 999.999
 1.0000 0.017740  198 1.19265341e+10    0.808  1.649  3.6638  2.304    4  0.000  0.470     0.00     0.00 -1    -1e-30      0.00 6.872e-01 2.952e-01 2.713e-03 1.254e-03 7.702e-03 -1.000 1.756e-02 4 0.648 3.033 2.226 1.101 -0.081 -0.839 -1.403 -1.505 -1.556 -1.471 -1.503 -1.578 -1.522 999.999 999.999
 1.0000 0.017740  199 1.19297311e+10    0.808  1.646  3.6643  2.309    4  0.000  0.470     0.00     0.00 -1    -1e-30      0.00 6.872e-01 2.952e-01 2.713e-03 1.254e-03 7.702e-03 -1.000 1.756e-02 4 0.655 3.030 2.227 1.104 -0.075 -0.831 -1.393 -1.495 -1.545 -1.461 -1.493 -1.567 -1.513 999.999 999.999
 1.0000 0.017740  200 1.19330529e+10    0.808  1.643  3.6650  2.315    4  0.000  0.470     0.00     0.00 -1    -1e-30      0.00 6.872e-01 2.952e-01 2.713e-03 1.254e-03 7.702e-03 -1.000 1.756e-02 4 0.664 3.027 2.229 1.109 -0.066 -0.821 -1.381 -1.482 -1.532 -1.448 -1.480 -1.554 -1.502 999.999 999.999
 1.0000 0.017740  201 1.19363451e+10    0.808  1.639  3.6656  2.321    4  0.000  0.470     0.00     0.00 -1    -1e-30      0.00 6.872e-01 2.952e-01 2.713e-03 1.254e-03 7.702e-03 -1.000 1.756e-02 4 0.673 3.024 2.231 1.114 -0.058 -0.810 -1.368 -1.468 -1.518 -1.434 -1.466 -1.540 -1.490 999.999 999.999
 1.0000 0.017740  202 1.19396229e+10    0.808  1.635  3.6663  2.328    4  0.000  0.470     0.00     0.00 -1    -1e-30      0.00 6.872e-01 2.952e-01 2.713e-03 1.254e-03 7.702e-03 -1.000 1.756e-02 4 0.682 3.021 2.233 1.119 -0.049 -0.799 -1.355 -1.455 -1.504 -1.421 -1.452 -1.526 -1.478 999.999 999.999
 1.0000 0.017740  203 1.19428004e+10    0.808  1.632  3.6669  2.333    4  0.000  0.470     0.00     0.00 -1    -1e-30      0.00 6.872e-01 2.952e-01 2.713e-03 1.254e-03 7.702e-03 -1.000 1.756e-02 4 0.691 3.018 2.235 1.124 -0.041 -0.788 -1.343 -1.442 -1.492 -1.408 -1.440 -1.513 -1.467 999.999 999.999
 1.0000 0.017740  204 1.19460454e+10    0.808  1.628  3.6675  2.339    4  0.000  0.470     0.00     0.00 -1    -1e-30      0.00 6.872e-01 2.952e-01 2.713e-03 1.254e-03 7.702e-03 -1.000 1.756e-02 4 0.699 3.015 2.237 1.128 -0.033 -0.778 -1.332 -1.430 -1.479 -1.396 -1.427 -1.500 -1.456 999.999 999.999
 1.0000 0.017740  205 1.19494984e+10    0.808  1.625  3.6681  2.345    4  0.000  0.470     0.00     0.00 -1    -1e-30      0.00 6.872e-01 2.952e-01 2.713e-03 1.254e-03 7.702e-03 -1.000 1.756e-02 4 0.707 3.012 2.238 1.132 -0.026 -0.769 -1.321 -1.418 -1.467 -1.385 -1.416 -1.489 -1.445 999.999 999.999
 1.0000 0.017740  206 1.19529329e+10    0.808  1.622  3.6686  2.349    4  0.000  0.470     0.00     0.00 -1    -1e-30      0.00 6.872e-01 2.952e-01 2.713e-03 1.254e-03 7.702e-03 -1.000 1.756e-02 4 0.714 3.010 2.240 1.136 -0.019 -0.761 -1.311 -1.408 -1.457 -1.375 -1.405 -1.478 -1.436 999.999 999.999
 1.0000 0.017740  207 1.19563510e+10    0.808  1.620  3.6690  2.354    4  0.000  0.470     0.00     0.00 -1    -1e-30      0.00 6.872e-01 2.952e-01 2.713e-03 1.254e-03 7.702e-03 -1.000 1.756e-02 4 0.720 3.008 2.241 1.139 -0.014 -0.753 -1.303 -1.399 -1.448 -1.366 -1.396 -1.469 -1.428 999.999 999.999
 1.0000 0.017740  208 1.19597036e+10    0.808  1.618  3.6694  2.357    4  0.000  0.470     0.00     0.00 -1    -1e-30      0.00 6.872e-01 2.952e-01 2.713e-03 1.254e-03 7.702e-03 -1.000 1.756e-02 4 0.725 3.005 2.241 1.142 -0.009 -0.747 -1.295 -1.392 -1.440 -1.358 -1.389 -1.461 -1.421 999.999 999.999
 1.0000 0.017740  209 1.19608074e+10    0.808  1.617  3.6695  2.358    4  0.000  0.470     0.00     0.00 -1    -1e-30      0.00 6.872e-01 2.952e-01 2.713e-03 1.254e-03 7.702e-03 -1.000 1.756e-02 4 0.726 3.005 2.242 1.143 -0.008 -0.746 -1.293 -1.389 -1.438 -1.356 -1.387 -1.459 -1.419 999.999 999.999
 1.0000 0.017740  210 1.19629496e+10    0.808  1.616  3.6698  2.360    4  0.000  0.470     0.00     0.00 -1    -1e-30      0.00 6.872e-01 2.952e-01 2.713e-03 1.254e-03 7.702e-03 -1.000 1.756e-02 4 0.729 3.003 2.242 1.144 -0.005 -0.742 -1.289 -1.385 -1.433 -1.352 -1.383 -1.455 -1.416 999.999 999.999
 1.0000 0.017740  211 1.19660513e+10    0.808  1.615  3.6700  2.362    4  0.000  0.470     0.00     0.00 -1    -1e-30      0.00 6.872e-01 2.952e-01 2.713e-03 1.254e-03 7.702e-03 -1.000 1.756e-02 4 0.732 3.002 2.242 1.145 -0.002 -0.738 -1.285 -1.380 -1.428 -1.347 -1.378 -1.450 -1.411 999.999 999.999
 1.0000 0.017740  212 1.19691551e+10    0.808  1.614  3.6703  2.364    4  0.000  0.470     0.00     0.00 -1    -1e-30      0.00 6.872e-01 2.952e-01 2.713e-03 1.254e-03 7.702e-03 -1.000 1.756e-02 4 0.734 3.000 2.242 1.146 0.000 -0.735 -1.281 -1.376 -1.424 -1.343 -1.374 -1.446 -1.408 999.999 999.999
 1.0000 0.017740  213 1.19725445e+10    0.808  1.614  3.6704  2.366    4  0.000  0.470     0.00     0.00 -1    -1e-30      0.00 6.872e-01 2.952e-01 2.713e-03 1.254e-03 7.702e-03 -1.000 1.756e-02 4 0.736 2.998 2.242 1.147 0.001 -0.733 -1.278 -1.373 -1.421 -1.341 -1.371 -1.443 -1.405 999.999 999.999
 1.0000 0.017740  214 1.19759043e+10    0.808  1.613  3.6706  2.366    4  0.000  0.470     0.00     0.00 -1    -1e-30      0.00 6.872e-01 2.952e-01 2.713e-03 1.254e-03 7.702e-03 -1.000 1.756e-02 4 0.736 2.996 2.241 1.146 0.002 -0.733 -1.277 -1.372 -1.420 -1.339 -1.370 -1.441 -1.404 999.999 999.999
 1.0000 0.017740  215 1.19790920e+10    0.808  1.614  3.6706  2.366    4  0.000  0.470     0.00     0.00 -1    -1e-30      0.00 6.872e-01 2.952e-01 2.713e-03 1.254e-03 7.702e-03 -1.000 1.756e-02 4 0.735 2.995 2.239 1.145 0.001 -0.733 -1.278 -1.373 -1.421 -1.340 -1.370 -1.442 -1.405 999.999 999.999
 1.0000 0.017740  216 1.19821763e+10    0.808  1.615  3.6706  2.365    4  0.000  0.470     0.00     0.00 -1    -1e-30      0.00 6.872e-01 2.952e-01 2.713e-03 1.254e-03 7.702e-03 -1.000 1.756e-02 4 0.733 2.993 2.238 1.143 -0.001 -0.735 -1.280 -1.375 -1.423 -1.342 -1.372 -1.444 -1.407 999.999 999.999
 1.0000 0.017740  217 1.19843308e+10    0.808  1.615  3.6706  2.364    4  0.000  0.470     0.00     0.00 -1    -1e-30      0.00 6.872e-01 2.952e-01 2.713e-03 1.254e-03 7.702e-03 -1.000 1.756e-02 4 0.731 2.992 2.236 1.142 -0.003 -0.737 -1.282 -1.377 -1.425 -1.344 -1.374 -1.446 -1.409 999.999 999.999
 1.0000 0.017740  218 1.19864934e+10    0.808  1.617  3.6705  2.363    4  0.000  0.470     0.00     0.00 -1    -1e-30      0.00 6.872e-01 2.952e-01 2.713e-03 1.254e-03 7.702e-03 -1.000 1.756e-02 4 0.728 2.991 2.234 1.139 -0.006 -0.741 -1.286 -1.381 -1.429 -1.348 -1.378 -1.450 -1.413 999.999 999.999
 1.0000 0.017740  219 1.19895675e+10    0.808  1.619  3.6703  2.360    4  0.000  0.470     0.00     0.00 -1    -1e-30      0.00 6.872e-01 2.952e-01 2.713e-03 1.254e-03 7.702e-03 -1.000 1.756e-02 4 0.723 2.989 2.231 1.135 -0.011 -0.746 -1.292 -1.387 -1.435 -1.354 -1.384 -1.457 -1.419 999.999 999.999
 1.0000 0.017740  220 1.19927173e+10    0.808  1.622  3.6700  2.356    4  0.000  0.470     0.00     0.00 -1    -1e-30      0.00 6.872e-01 2.952e-01 2.713e-03 1.254e-03 7.702e-03 -1.000 1.756e-02 4 0.716 2.987 2.227 1.130 -0.018 -0.754 -1.300 -1.396 -1.444 -1.363 -1.393 -1.466 -1.427 999.999 999.999
 1.0000 0.017740  221 1.19958528e+10    0.808  1.625  3.6697  2.351    4  0.000  0.470     0.00     0.00 -1    -1e-30      0.00 6.872e-01 2.952e-01 2.713e-03 1.254e-03 7.702e-03 -1.000 1.756e-02 4 0.707 2.985 2.222 1.123 -0.027 -0.764 -1.311 -1.407 -1.456 -1.374 -1.405 -1.477 -1.438 999.999 999.999
 1.0000 0.017740  222 1.19989207e+10    0.808  1.629  3.6692  2.345    4  0.000  0.470     0.00     0.00 -1    -1e-30      0.00 6.872e-01 2.952e-01 2.713e-03 1.254e-03 7.702e-03 -1.000 1.756e-02 4 0.697 2.983 2.216 1.115 -0.037 -0.776 -1.324 -1.421 -1.469 -1.387 -1.418 -1.491 -1.450 999.999 999.999
 1.0000 0.017740  223 1.20019630e+10    0.808  1.634  3.6687  2.338    4  0.000  0.470     0.00     0.00 -1    -1e-30      0.00 6.872e-01 2.952e-01 2.713e-03 1.254e-03 7.702e-03 -1.000 1.756e-02 4 0.684 2.980 2.209 1.105 -0.049 -0.790 -1.340 -1.437 -1.485 -1.403 -1.434 -1.507 -1.465 999.999 999.999
 1.0000 0.017740  224 1.20050196e+10    0.808  1.640  3.6682  2.331    4  0.000  0.470     0.00     0.00 -1    -1e-30      0.00 6.872e-01 2.952e-01 2.713e-03 1.254e-03 7.702e-03 -1.000 1.756e-02 4 0.671 2.977 2.201 1.095 -0.062 -0.805 -1.356 -1.454 -1.503 -1.420 -1.451 -1.524 -1.481 999.999 999.999
 1.0000 0.017740  225 1.20081142e+10    0.808  1.646  3.6675  2.322    4  0.000  0.470     0.00     0.00 -1    -1e-30      0.00 6.872e-01 2.952e-01 2.713e-03 1.254e-03 7.702e-03 -1.000 1.756e-02 4 0.655 2.974 2.193 1.084 -0.077 -0.822 -1.375 -1.474 -1.523 -1.440 -1.471 -1.544 -1.500 999.999 999.999
 1.0000 0.017740  226 1.20112026e+10    0.808  1.653  3.6668  2.312    4  0.000  0.470     0.00     0.00 -1    -1e-30      0.00 6.872e-01 2.952e-01 2.713e-03 1.254e-03 7.702e-03 -1.000 1.756e-02 4 0.639 2.971 2.184 1.071 -0.093 -0.841 -1.396 -1.495 -1.544 -1.461 -1.492 -1.566 -1.519 999.999 999.999
 1.0000 0.017740  227 1.20146227e+10    0.808  1.659  3.6662  2.303    4  0.000  0.470     0.00     0.00 -1    -1e-30      0.00 6.872e-01 2.952e-01 2.713e-03 1.254e-03 7.702e-03 -1.000 1.756e-02 4 0.621 2.967 2.175 1.058 -0.110 -0.860 -1.417 -1.516 -1.566 -1.482 -1.514 -1.588 -1.539 999.999 999.999
 1.0000 0.017740  228 1.20177050e+10    0.808  1.675  3.6647  2.282    4  0.000  0.470     0.00     0.00 -1    -1e-30      0.00 6.872e-01 2.952e-01 2.713e-03 1.254e-03 7.702e-03 -1.000 1.756e-02 4 0.584 2.959 2.154 1.031 -0.146 -0.902 -1.462 -1.564 -1.614 -1.530 -1.561 -1.636 -1.583 999.999 999.999
 1.0000 0.017740  229 1.20208425e+10    0.808  1.701  3.6621  2.246    4  0.000  0.470     0.00     0.00 -1    -1e-30      0.00 6.872e-01 2.952e-01 2.713e-03 1.254e-03 7.702e-03 -1.000 1.756e-02 4 0.519 2.945 2.118 0.982 -0.209 -0.974 -1.541 -1.646 -1.697 -1.611 -1.643 -1.720 -1.659 999.999 999.999
 1.0000 0.017740  230 1.20231823e+10    0.808  1.737  3.6586  2.194    4  0.000  0.470     0.00     0.00 -1    -1e-30      0.00 6.872e-01 2.952e-01 2.713e-03 1.254e-03 7.702e-03 -1.000 1.756e-02 4 0.427 2.925 2.068 0.914 -0.298 -1.076 -1.652 -1.761 -1.814 -1.725 -1.759 -1.837 -1.765 999.999 999.999
 1.0000 0.017740  231 1.20244644e+10    0.808  1.774  3.6550  2.143    4  0.000  0.470     0.00     0.00 -1    -1e-30      0.00 6.872e-01 2.952e-01 2.713e-03 1.254e-03 7.702e-03 -1.000 1.756e-02 4 0.334 2.907 2.017 0.845 -0.387 -1.178 -1.764 -1.877 -1.932 -1.840 -1.876 -1.955 -1.873 999.999 999.999
 1.0000 0.017740  232 1.20251965e+10    0.808  1.813  3.6512  2.089    4  0.000  0.470     0.00     0.00 -1    -1e-30      0.00 6.872e-01 2.952e-01 2.713e-03 1.254e-03 7.702e-03 -1.000 1.756e-02 4 0.237 2.894 1.968 0.776 -0.479 -1.284 -1.880 -1.998 -2.054 -1.961 -1.997 -2.078 -1.985 999.999 999.999
 1.0000 0.017740  233 1.20256020e+10    0.808  1.853  3.6475  2.035    4  0.000  0.470     0.00     0.00 -1    -1e-30      0.00 6.872e-01 2.952e-01 2.713e-03 1.254e-03 7.702e-03 -1.000 1.756e-02 4 0.138 2.882 1.918 0.707 -0.572 -1.392 -1.998 -2.121 -2.180 -2.083 -2.122 -2.203 -2.099 999.999 999.999
 1.0000 0.017740  234 1.20258212e+10    0.808  1.893  3.6437  1.980    4  0.000  0.470     0.00     0.00 -1    -1e-30      0.00 6.872e-01 2.952e-01 2.713e-03 1.254e-03 7.702e-03 -1.000 1.756e-02 4 0.038 2.873 1.869 0.638 -0.666 -1.501 -2.117 -2.245 -2.306 -2.207 -2.246 -2.328 -2.214 999.999 999.999
 1.0000 0.017740  235 1.20259379e+10    0.808  1.929  3.6403  1.930    4  0.000  0.470     0.00     0.00 -1    -1e-30      0.00 6.872e-01 2.952e-01 2.713e-03 1.254e-03 7.702e-03 -1.000 1.756e-02 4 -0.052 2.868 1.825 0.575 -0.752 -1.600 -2.224 -2.357 -2.419 -2.318 -2.359 -2.442 -2.319 999.999 999.999
 1.0000 0.017740  236 1.20260178e+10    0.808  1.966  3.6369  1.880    4  0.000  0.470     0.00     0.00 -1    -1e-30      0.00 6.872e-01 2.952e-01 2.713e-03 1.254e-03 7.702e-03 -1.000 1.756e-02 4 -0.144 2.869 1.782 0.513 -0.838 -1.699 -2.332 -2.471 -2.535 -2.432 -2.474 -2.558 -2.426 999.999 999.999
 1.0000 0.017740  237 1.20260721e+10    0.808  2.000  3.6337  1.832    4  0.000  0.470     0.00     0.00 -1    -1e-30      0.00 6.872e-01 2.952e-01 2.713e-03 1.254e-03 7.702e-03 -1.000 1.756e-02 4 -0.231 2.870 1.742 0.455 -0.920 -1.794 -2.434 -2.578 -2.644 -2.539 -2.582 -2.667 -2.528 999.999 999.999
 1.0000 0.017740  238 1.20260833e+10    0.808  2.008  3.6330  1.821    4  0.000  0.470     0.00     0.00 -1    -1e-30      0.00 6.872e-01 2.952e-01 2.713e-03 1.254e-03 7.702e-03 -1.000 1.756e-02 4 -0.251 2.871 1.733 0.442 -0.939 -1.815 -2.458 -2.603 -2.669 -2.564 -2.607 -2.692 -2.551 999.999 999.999
 1.0000 0.017740  239 1.20260833e+10    0.808  2.009  3.6329  1.820    7  0.000  0.470     0.00     0.00 -1    -1e-30      0.00 6.872e-01 2.952e-01 2.713e-03 1.254e-03 7.702e-03 -1.000 1.756e-02 7 -0.253 2.871 1.732 0.441 -0.941 -1.817 -2.460 -2.605 -2.672 -2.566 -2.610 -2.694 -2.553 999.999 999.999
 1.0000 0.017740  240 1.20261059e+10    0.808  2.028  3.6312  1.795    7  0.000  0.470     0.00     0.00 -1    -1e-30      0.00 6.872e-01 2.952e-01 2.713e-03 1.254e-03 7.702e-03 -1.000 1.756e-02 7 -0.299 2.872 1.711 0.410 -0.984 -1.867 -2.514 -2.662 -2.729 -2.623 -2.667 -2.751 -2.607 999.999 999.999
 1.0000 0.017740  241 1.20261530e+10    0.808  2.067  3.6277  1.742    7  0.000  0.470     0.00     0.00 -1    -1e-30      0.00 6.872e-01 2.952e-01 2.713e-03 1.254e-03 7.702e-03 -1.000 1.756e-02 7 -0.397 2.874 1.666 0.344 -1.076 -1.973 -2.629 -2.783 -2.852 -2.743 -2.789 -2.874 -2.722 999.999 999.999
 1.0000 0.017740  242 1.20261980e+10    0.808  2.106  3.6242  1.688    7  0.000  0.470     0.00     0.00 -1    -1e-30      0.00 6.872e-01 2.952e-01 2.713e-03 1.254e-03 7.702e-03 -1.000 1.756e-02 7 -0.495 2.879 1.623 0.281 -1.168 -2.079 -2.743 -2.903 -2.974 -2.863 -2.911 -2.996 -2.838 999.999 999.999
 1.0000 0.017740  243 1.20262410e+10    0.808  2.141  3.6210  1.641    7  0.000  0.470     0.00     0.00 -1    -1e-30      0.00 6.872e-01 2.952e-01 2.713e-03 1.254e-03 7.702e-03 -1.000 1.756e-02 7 -0.581 2.884 1.586 0.226 -1.249 -2.173 -2.845 -3.010 -3.083 -2.970 -3.019 -3.104 -2.943 999.999 999.999
 1.0000 0.017740  244 1.20262922e+10    0.808  2.166  3.6188  1.607    7  0.000  0.470     0.00     0.00 -1    -1e-30      0.00 6.872e-01 2.952e-01 2.713e-03 1.254e-03 7.702e-03 -1.000 1.756e-02 7 -0.644 2.888 1.560 0.187 -1.307 -2.240 -2.918 -3.087 -3.161 -3.047 -3.097 -3.182 -3.019 999.999 999.999
 1.0000 0.017740  245 1.20264202e+10    0.808  2.159  3.6195  1.617    7  0.000  0.470     0.00     0.00 -1    -1e-30      0.00 6.872e-01 2.952e-01 2.713e-03 1.254e-03 7.702e-03 -1.000 1.756e-02 7 -0.627 2.884 1.566 0.197 -1.291 -2.222 -2.898 -3.065 -3.139 -3.025 -3.075 -3.160 -2.997 999.999 999.999
 1.0000 0.017740  246 1.20264847e+10    0.808  2.137  3.6215  1.646    7  0.000  0.470     0.00     0.00 -1    -1e-30      0.00 6.872e-01 2.952e-01 2.713e-03 1.254e-03 7.702e-03 -1.000 1.756e-02 7 -0.573 2.880 1.588 0.231 -1.241 -2.163 -2.834 -2.999 -3.071 -2.959 -3.008 -3.093 -2.932 999.999 999.999
 1.0000 0.017740  247 1.20266445e+10    0.808  2.100  3.6248  1.696    7  0.000  0.470     0.00     0.00 -1 -1.01e-30      0.00 6.872e-01 2.952e-01 2.713e-03 1.254e-03 7.702e-03 -1.000 1.756e-02 7 -0.481 2.875 1.627 0.288 -1.155 -2.064 -2.727 -2.886 -2.956 -2.846 -2.893 -2.978 -2.821 999.999 999.999
 1.0000 0.017740  248 1.20269599e+10    0.808  2.079  3.6267  1.725    7  0.000  0.470     0.00     0.00 -1 -7.15e-30      0.00 6.872e-01 2.950e-01 2.713e-03 1.254e-03 7.702e-03 -1.000 1.773e-02 7 -0.427 2.873 1.651 0.322 -1.105 -2.006 -2.664 -2.820 -2.890 -2.780 -2.826 -2.912 -2.757 999.999 999.999
 1.0000 0.017740  249 1.20292956e+10    0.807  2.083  3.6261  1.718    7  0.000  0.470     0.00     0.00 -1 -1.16e-12      0.00 6.872e-01 2.941e-01 2.713e-03 1.254e-03 7.702e-03 -1.000 1.872e-02 7 -0.438 2.878 1.648 0.317 -1.114 -2.018 -2.677 -2.834 -2.904 -2.794 -2.840 -2.925 -2.770 999.999 999.999
 1.0000 0.017740  250 1.20309135e+10    0.805  2.122  3.6226  1.664    7  0.000  0.470     0.00     0.00 -1  -1.2e-09      0.00 6.872e-01 2.939e-01 2.713e-03 1.254e-03 7.702e-03 -1.000 1.886e-02 7 -0.535 2.884 1.608 0.257 -1.205 -2.123 -2.791 -2.953 -3.025 -2.913 -2.962 -3.047 -2.887 999.999 999.999
 1.0000 0.017740  251 1.20322949e+10    0.803  2.164  3.6188  1.606    7  0.000  0.470     0.00     0.00 -1 -1.59e-09      0.00 6.872e-01 2.939e-01 2.713e-03 1.254e-03 7.702e-03 -1.000 1.886e-02 7 -0.640 2.893 1.564 0.191 -1.303 -2.237 -2.915 -3.084 -3.158 -3.043 -3.094 -3.179 -3.016 999.999 999.999
 1.0000 0.017740  252 1.20334541e+10    0.801  2.206  3.6150  1.548    7  0.000  0.470     0.00     0.00 -1 -1.97e-09      0.00 6.872e-01 2.939e-01 2.713e-03 1.254e-03 7.702e-03 -1.000 1.886e-02 7 -0.744 2.902 1.521 0.127 -1.400 -2.349 -3.037 -3.212 -3.288 -3.171 -3.224 -3.308 -3.141 999.999 999.999
 1.0000 0.017740  253 1.20344433e+10    0.799  2.247  3.6113  1.490    7  0.000  0.470     0.00     0.00 -1 -2.47e-09      0.00 6.872e-01 2.939e-01 2.713e-03 1.254e-03 7.702e-03 -1.000 1.886e-02 7 -0.848 2.913 1.480 0.064 -1.496 -2.461 -3.158 -3.340 -3.418 -3.299 -3.354 -3.437 -3.268 999.999 999.999
 1.0000 0.017740  254 1.20352768e+10    0.797  2.288  3.6075  1.433    7  0.000  0.470     0.00     0.00 -1 -3.04e-09      0.00 6.872e-01 2.939e-01 2.713e-03 1.254e-03 7.702e-03 -1.000 1.886e-02 7 -0.950 2.925 1.444 0.009 -1.591 -2.572 -3.279 -3.466 -3.547 -3.425 -3.483 -3.566 -3.399 999.999 999.999
 1.0000 0.017740  255 1.20359936e+10    0.794  2.329  3.6038  1.377    7  0.000  0.470     0.00     0.00 -1 -3.77e-09      0.00 6.872e-01 2.939e-01 2.713e-03 1.254e-03 7.702e-03 -1.000 1.886e-02 7 -1.051 2.938 1.408 -0.046 -1.684 -2.681 -3.398 -3.592 -3.675 -3.551 -3.612 -3.694 -3.528 999.999 999.999
 1.0000 0.017740  256 1.20366285e+10    0.792  2.369  3.6001  1.320    7  0.000  0.470     0.00     0.00 -1 -4.64e-09      0.00 6.872e-01 2.939e-01 2.713e-03 1.254e-03 7.702e-03 -1.000 1.886e-02 7 -1.152 2.954 1.375 -0.100 -1.777 -2.791 -3.517 -3.718 -3.803 -3.676 -3.740 -3.821 -3.657 999.999 999.999
 1.0000 0.017740  257 1.20371978e+10    0.789  2.409  3.5963  1.263    7  0.000  0.470     0.00     0.00 -1 -5.69e-09      0.00 6.872e-01 2.939e-01 2.713e-03 1.254e-03 7.702e-03 -1.000 1.886e-02 7 -1.253 2.967 1.344 -0.148 -1.869 -2.900 -3.636 -3.843 -3.931 -3.801 -3.868 -3.949 -3.787 999.999 999.999
 1.0000 0.017740  258 1.20377160e+10    0.786  2.449  3.5925  1.206    7  0.000  0.470     0.00     0.00 -1 -6.98e-09      0.00 6.872e-01 2.939e-01 2.713e-03 1.254e-03 7.702e-03 -1.000 1.886e-02 7 -1.353 2.976 1.318 -0.189 -1.959 -3.009 -3.755 -3.968 -4.058 -3.925 -3.996 -4.076 -3.918 999.999 999.999
 1.0000 0.017740  259 1.20381993e+10    0.782  2.489  3.5887  1.149    7  0.000  0.470     0.00     0.00 -1 -8.64e-09      0.00 6.872e-01 2.939e-01 2.712e-03 1.254e-03 7.702e-03 -1.000 1.886e-02 7 -1.452 2.988 1.293 -0.230 -2.050 -3.117 -3.874 -4.093 -4.185 -4.049 -4.123 -4.203 -4.049 999.999 999.999
 1.0000 0.017740  260 1.20386519e+10    0.778  2.528  3.5849  1.092    7  0.000  0.469     0.00     0.00 -1 -1.06e-08      0.00 6.872e-01 2.939e-01 2.710e-03 1.255e-03 7.702e-03 -1.000 1.886e-02 7 -1.551 3.002 1.270 -0.270 -2.139 -3.225 -3.993 -4.218 -4.312 -4.173 -4.251 -4.330 -4.180 999.999 999.999
 1.0000 0.017740  261 1.20390820e+10    0.773  2.568  3.5807  1.033    7  0.000  0.469     0.00     0.00 -1  -1.3e-08      0.00 6.872e-01 2.939e-01 2.708e-03 1.257e-03 7.702e-03 -1.000 1.886e-02 7 -1.650 3.015 1.262 -0.288 -2.225 -3.334 -4.112 -4.344 -4.441 -4.298 -4.381 -4.459 -4.314 999.999 999.999
 1.0000 0.017740  262 1.20394936e+10    0.767  2.607  3.5712  0.952    7  0.000  0.468     0.00     0.00 -1 -1.59e-08      0.00 6.872e-01 2.939e-01 2.702e-03 1.261e-03 7.702e-03 -1.000 1.886e-02 7 -1.748 3.134 1.366 -0.195 -2.295 -3.456 -4.259 -4.505 -4.608 -4.457 -4.552 -4.628 -4.498 999.999 999.999
 1.0000 0.017740  263 1.20398694e+10    0.761  2.647  3.5656  0.887    7  0.000  0.467     0.00     0.00 -1 -1.95e-08      0.00 6.872e-01 2.939e-01 2.694e-03 1.269e-03 7.702e-03 -1.000 1.886e-02 7 -1.847 3.170 1.413 -0.147 -2.373 -3.571 -4.386 -4.641 -4.748 -4.593 -4.695 -4.771 -4.654 999.999 999.999
 1.0000 0.017740  264 1.20402002e+10    0.754  2.686  3.5610  0.825    7  0.000  0.465     0.00     0.00 -1  -2.4e-08      0.00 6.872e-01 2.939e-01 2.685e-03 1.280e-03 7.702e-03 -1.000 1.886e-02 7 -1.945 3.185 1.440 -0.120 -2.453 -3.683 -4.508 -4.770 -4.881 -4.723 -4.830 -4.906 -4.803 999.999 999.999
 1.0000 0.017740  265 1.20404726e+10    0.747  2.726  3.5564  0.763    7  0.000  0.463     0.00     0.00 -1 -2.96e-08      0.00 6.872e-01 2.939e-01 2.675e-03 1.292e-03 7.702e-03 -1.000 1.886e-02 7 -2.044 3.203 1.469 -0.090 -2.533 -3.795 -4.630 -4.901 -5.015 -4.855 -4.966 -5.044 -4.959 999.999 999.999
 1.0000 0.017740  266 1.20406610e+10    0.741  2.762  3.5520  0.705    7  0.000  0.462     0.00     0.00 -1 -3.55e-08      0.00 6.872e-01 2.939e-01 2.666e-03 1.302e-03 7.702e-03 -1.000 1.883e-02 7 -2.136 3.212 1.525 -0.021 -2.595 -3.901 -4.743 -5.021 -5.139 -4.976 -5.091 -5.171 -5.103 999.999 999.999
 1.0000 0.017740  267 1.20408023e+10    0.735  2.797  3.5478  0.651    7  0.000  0.460     0.00     0.00 -1 -4.24e-08      0.00 6.872e-01 2.940e-01 2.658e-03 1.312e-03 7.702e-03 -1.000 1.880e-02 7 -2.223 3.223 1.585 0.051 -2.654 -4.001 -4.850 -5.136 -5.258 -5.092 -5.212 -5.294 -5.252 999.999 999.999
 1.0000 0.017740  268 1.20409252e+10    0.730  2.833  3.5434  0.594    7  0.000  0.459     0.00     0.00 -1 -5.09e-08      0.00 6.872e-01 2.940e-01 2.651e-03 1.321e-03 7.702e-03 -1.000 1.878e-02 7 -2.312 3.236 1.650 0.130 -2.712 -4.103 -4.960 -5.254 -5.380 -5.211 -5.336 -5.420 -5.402 999.999 999.999
 1.0000 0.017740  269 1.20410419e+10    0.724  2.870  3.5387  0.534    7  0.000  0.458     0.00     0.00 -1 -6.12e-08      0.00 6.872e-01 2.940e-01 2.644e-03 1.329e-03 7.702e-03 -1.000 1.876e-02 7 -2.405 3.252 1.751 0.253 -2.756 -4.211 -5.074 -5.378 -5.509 -5.338 -5.469 -5.556 -5.584 999.999 999.999
 1.0000 0.017740  270 1.20411546e+10    0.716  2.907  3.5338  0.473    7  0.000  0.457     0.00     0.00 -1  -7.4e-08      0.00 6.872e-01 2.940e-01 2.639e-03 1.336e-03 7.702e-03 -1.000 1.876e-02 7 -2.498 3.271 1.872 0.399 -2.792 -4.320 -5.190 -5.503 -5.640 -5.467 -5.604 -5.694 -5.766 999.999 999.999
 1.0000 0.017740  271 1.20412570e+10    0.708  2.943  3.5291  0.414    7  0.000  0.456     0.00     0.00 -1 -8.86e-08      0.00 6.872e-01 2.940e-01 2.635e-03 1.340e-03 7.702e-03 -1.000 1.877e-02 7 -2.586 3.294 2.000 0.551 -2.823 -4.424 -5.299 -5.622 -5.764 -5.591 -5.734 -5.828 -5.942 999.999 999.999
 1.0000 0.017740  272 1.20413542e+10    0.699  2.978  3.5242  0.353    7  0.000  0.456     0.00     0.00 -1 -1.08e-07      0.00 6.872e-01 2.940e-01 2.632e-03 1.343e-03 7.702e-03 -1.000 1.878e-02 7 -2.675 3.321 2.160 0.746 -2.829 -4.528 -5.409 -5.742 -5.891 -5.719 -5.866 -5.967 -6.156 999.999 999.999
 1.0000 0.017740  273 1.20414618e+10    0.686  3.016  3.5190  0.286    7  0.000  0.456     0.00     0.00 -1 -1.33e-07      0.00 6.872e-01 2.940e-01 2.631e-03 1.345e-03 7.702e-03 -1.000 1.879e-02 7 -2.771 3.354 2.347 0.974 -2.825 -4.639 -5.526 -5.871 -6.027 -5.856 -6.010 -6.119 -6.392 999.999 999.999
 1.0000 0.017740  274 1.20415693e+10    0.670  3.054  3.5138  0.218    7  0.000  0.456     0.00     0.00 -1 -1.68e-07      0.00 6.872e-01 2.940e-01 2.631e-03 1.345e-03 7.702e-03 -1.000 1.879e-02 7 -2.864 3.407 2.556 1.219 -2.812 -4.746 -5.639 -5.998 -6.165 -5.998 -6.159 -6.282 -6.685 999.999 999.999
 1.0000 0.017740  275 1.20416778e+10    0.649  3.088  3.5094  0.152    7  0.000  0.456     0.00     0.00 -1 -2.13e-07      0.00 6.872e-01 2.940e-01 2.631e-03 1.345e-03 7.702e-03 -1.000 1.879e-02 7 -2.951 3.470 2.748 1.443 -2.783 -4.841 -5.740 -6.111 -6.294 -6.132 -6.301 -6.444 -7.006 999.999 999.999
 1.0000 0.017740  276 1.20417997e+10    0.618  3.124  3.5069  0.085    7  0.000  0.456     0.00     0.00 -1 -2.88e-07      0.00 6.872e-01 2.940e-01 2.631e-03 1.345e-03 7.702e-03 -1.000 1.879e-02 7 -3.039 3.557 2.882 1.576 -2.788 -4.925 -5.831 -6.217 -6.421 -6.271 -6.452 -6.627 -7.433 999.999 999.999
 1.0000 0.017740  277 1.20418611e+10    0.600  3.139  3.5077  0.060    7  0.000  0.456     0.00     0.00 -1  -3.4e-07      0.00 6.872e-01 2.940e-01 2.631e-03 1.345e-03 7.702e-03 -1.000 1.879e-02 7 -3.077 3.617 2.879 1.542 -2.823 -4.950 -5.860 -6.252 -6.472 -6.336 -6.526 -6.724 -7.683 999.999 999.999
 1.0000 0.017740  278 1.20418796e+10    0.593  3.145  3.5085  0.052    7  0.000  0.456     0.00     0.00 -1 -3.63e-07      0.00 6.872e-01 2.940e-01 2.631e-03 1.345e-03 7.702e-03 -1.000 1.879e-02 7 -3.093 3.645 2.861 1.501 -2.846 -4.958 -5.869 -6.265 -6.492 -6.364 -6.558 -6.769 -7.793 999.999 999.999
 1.0000 0.017740  279 1.20418939e+10    0.587  3.150  3.5091  0.045    7  0.000  0.456     0.00     0.00 -1 -3.84e-07      0.00 6.872e-01 2.940e-01 2.631e-03 1.345e-03 7.702e-03 -1.000 1.879e-02 7 -3.106 3.668 2.844 1.467 -2.866 -4.965 -5.877 -6.275 -6.510 -6.388 -6.585 -6.806 -7.887 999.999 999.999
 1.0000 0.017740  280 1.20419103e+10    0.581  3.146  3.5114  0.054    7  0.000  0.456     0.00     0.00 -1 -3.92e-07      0.00 6.872e-01 2.940e-01 2.631e-03 1.345e-03 7.702e-03 -1.000 1.879e-02 7 -3.095 3.665 2.751 1.343 -2.906 -4.945 -5.856 -6.252 -6.488 -6.372 -6.570 -6.796 -7.909 999.999 999.999
 1.0000 0.017740  281 1.20419123e+10    0.581  3.143  3.5121  0.060    7  0.000  0.456     0.00     0.00 -1 -3.88e-07      0.00 6.872e-01 2.940e-01 2.631e-03 1.345e-03 7.702e-03 -1.000 1.879e-02 7 -3.087 3.656 2.719 1.303 -2.915 -4.935 -5.845 -6.239 -6.474 -6.358 -6.555 -6.779 -7.887 999.999 999.999
 1.0000 0.017740  282 1.20419144e+10    0.580  3.140  3.5126  0.064    7  0.000  0.456     0.00     0.00 -1 -3.84e-07      0.00 6.872e-01 2.940e-01 2.631e-03 1.345e-03 7.702e-03 -1.000 1.879e-02 7 -3.080 3.649 2.695 1.275 -2.921 -4.927 -5.836 -6.229 -6.463 -6.346 -6.543 -6.766 -7.867 999.999 999.999
 1.0000 0.017740  283 1.20419144e+10    0.580  3.140  3.5126  0.064    7  0.000  0.456     0.00     0.00 -1 -3.84e-07      0.00 6.872e-01 2.940e-01 2.631e-03 1.345e-03 7.702e-03 -1.000 1.879e-02 7 -3.080 3.649 2.695 1.275 -2.921 -4.927 -5.836 -6.229 -6.463 -6.346 -6.543 -6.766 -7.867 999.999 999.999
 1.0000 0.017740  284 1.20419144e+10    0.580  3.140  3.5126  0.064    7  0.000  0.456     0.00     0.00 -1 -3.84e-07      0.00 6.872e-01 2.940e-01 2.631e-03 1.345e-03 7.702e-03 -1.000 1.879e-02 7 -3.080 3.649 2.695 1.275 -2.921 -4.927 -5.836 -6.229 -6.463 -6.346 -6.543 -6.766 -7.867 999.999 999.999
 1.0000 0.017740  285 1.20419144e+10    0.580  3.140  3.5126  0.064    7  0.000  0.456     0.00     0.00 -1 -3.84e-07      0.00 6.872e-01 2.940e-01 2.631e-03 1.345e-03 7.702e-03 -1.000 1.879e-02 7 -3.080 3.649 2.695 1.275 -2.921 -4.927 -5.836 -6.229 -6.463 -6.346 -6.543 -6.766 -7.867 999.999 999.999
 1.0000 0.017740  286 1.20419144e+10    0.580  3.140  3.5126  0.064    7  0.000  0.456     0.00     0.00 -1 -3.84e-07      0.00 6.872e-01 2.940e-01 2.631e-03 1.345e-03 7.702e-03 -1.000 1.879e-02 7 -3.080 3.649 2.695 1.275 -2.921 -4.927 -5.836 -6.229 -6.463 -6.346 -6.543 -6.766 -7.867 999.999 999.999
 1.0000 0.017740  287 1.20419144e+10    0.580  3.140  3.5126  0.064    7  0.000  0.456     0.00     0.00 -1 -3.84e-07      0.00 6.872e-01 2.940e-01 2.631e-03 1.345e-03 7.702e-03 -1.000 1.879e-02 7 -3.080 3.649 2.695 1.275 -2.921 -4.927 -5.836 -6.229 -6.463 -6.346 -6.543 -6.766 -7.867 999.999 999.999
 1.0000 0.017740  288 1.20419144e+10    0.580  3.140  3.5126  0.064    7  0.000  0.456     0.00     0.00 -1 -3.84e-07      0.00 6.872e-01 2.940e-01 2.631e-03 1.345e-03 7.702e-03 -1.000 1.879e-02 7 -3.080 3.649 2.695 1.275 -2.921 -4.927 -5.836 -6.229 -6.463 -6.346 -6.543 -6.766 -7.867 999.999 999.999
 1.0000 0.017740  289 1.20419144e+10    0.580  3.140  3.5126  0.064    7  0.000  0.456     0.00     0.00 -1 -3.84e-07      0.00 6.872e-01 2.940e-01 2.631e-03 1.345e-03 7.702e-03 -1.000 1.879e-02 7 -3.080 3.649 2.695 1.275 -2.921 -4.927 -5.836 -6.229 -6.463 -6.346 -6.543 -6.766 -7.867 999.999 999.999
 1.0000 0.017740  290 1.20419144e+10    0.580  3.140  3.5126  0.064    7  0.000  0.456     0.00     0.00 -1 -3.84e-07      0.00 6.872e-01 2.940e-01 2.631e-03 1.345e-03 7.702e-03 -1.000 1.879e-02 7 -3.080 3.649 2.695 1.275 -2.921 -4.927 -5.836 -6.229 -6.463 -6.346 -6.543 -6.766 -7.867 999.999 999.999
 1.0000 0.017740  291 1.20419144e+10    0.580  3.140  3.5126  0.064    7  0.000  0.456     0.00     0.00 -1 -3.84e-07      0.00 6.872e-01 2.940e-01 2.631e-03 1.345e-03 7.702e-03 -1.000 1.879e-02 7 -3.080 3.649 2.695 1.275 -2.921 -4.927 -5.836 -6.229 -6.463 -6.346 -6.543 -6.766 -7.867 999.999 999.999
 1.0000 0.017740  292 1.20419144e+10    0.580  3.140  3.5126  0.064    7  0.000  0.456     0.00     0.00 -1 -3.84e-07      0.00 6.872e-01 2.940e-01 2.631e-03 1.345e-03 7.702e-03 -1.000 1.879e-02 7 -3.080 3.649 2.695 1.275 -2.921 -4.927 -5.836 -6.229 -6.463 -6.346 -6.543 -6.766 -7.867 999.999 999.999
 1.0000 0.017740  293 1.20419144e+10    0.580  3.140  3.5126  0.064    7  0.000  0.456     0.00     0.00 -1 -3.84e-07      0.00 6.872e-01 2.940e-01 2.631e-03 1.345e-03 7.702e-03 -1.000 1.879e-02 7 -3.080 3.649 2.695 1.275 -2.921 -4.927 -5.836 -6.229 -6.463 -6.346 -6.543 -6.766 -7.867 999.999 999.999
 1.0000 0.017740  294 1.20419144e+10    0.580  3.140  3.5126  0.064    7  0.000  0.456     0.00     0.00 -1 -3.84e-07      0.00 6.872e-01 2.940e-01 2.631e-03 1.345e-03 7.702e-03 -1.000 1.879e-02 7 -3.080 3.649 2.695 1.275 -2.921 -4.927 -5.836 -6.229 -6.463 -6.346 -6.543 -6.766 -7.867 999.999 999.999
 1.0000 0.017740  295 1.20419144e+10    0.580  3.140  3.5126  0.064    7  0.000  0.456     0.00     0.00 -1 -3.84e-07      0.00 6.872e-01 2.940e-01 2.631e-03 1.345e-03 7.702e-03 -1.000 1.879e-02 7 -3.080 3.649 2.695 1.275 -2.921 -4.927 -5.836 -6.229 -6.463 -6.346 -6.543 -6.766 -7.867 999.999 999.999
 1.0000 0.017740  296 1.20419144e+10    0.580  3.140  3.5126  0.064    7  0.000  0.456     0.00     0.00 -1 -3.84e-07      0.00 6.872e-01 2.940e-01 2.631e-03 1.345e-03 7.702e-03 -1.000 1.879e-02 7 -3.080 3.649 2.695 1.275 -2.921 -4.927 -5.836 -6.229 -6.463 -6.346 -6.543 -6.766 -7.867 999.999 999.999
 1.0000 0.017740  297 1.20419144e+10    0.580  3.140  3.5126  0.064    7  0.000  0.456     0.00     0.00 -1 -3.84e-07      0.00 6.872e-01 2.940e-01 2.631e-03 1.345e-03 7.702e-03 -1.000 1.879e-02 7 -3.080 3.649 2.695 1.275 -2.921 -4.927 -5.836 -6.229 -6.463 -6.346 -6.543 -6.766 -7.867 999.999 999.999
 1.0000 0.017740  298 1.20419144e+10    0.580  3.140  3.5126  0.064    7  0.000  0.456     0.00     0.00 -1 -3.84e-07      0.00 6.872e-01 2.940e-01 2.631e-03 1.345e-03 7.702e-03 -1.000 1.879e-02 7 -3.080 3.649 2.695 1.275 -2.921 -4.927 -5.836 -6.229 -6.463 -6.346 -6.543 -6.766 -7.867 999.999 999.999
 1.0000 0.017740  299 1.20419144e+10    0.580  3.137  3.5131  0.068    7  0.000  0.456     0.00     0.00 -1 -3.81e-07      0.00 6.872e-01 2.940e-01 2.631e-03 1.345e-03 7.702e-03 -1.000 1.879e-02 7 -3.073 3.642 2.674 1.250 -2.927 -4.920 -5.828 -6.220 -6.452 -6.336 -6.532 -6.753 -7.849 999.999 999.999
 1.0000 0.017740  300 1.20419144e+10    0.580  3.137  3.5131  0.068    7  0.000  0.456     0.00     0.00 -1 -3.81e-07      0.00 6.872e-01 2.940e-01 2.631e-03 1.345e-03 7.702e-03 -1.000 1.879e-02 7 -3.073 3.642 2.674 1.250 -2.927 -4.920 -5.828 -6.220 -6.452 -6.336 -6.532 -6.753 -7.849 999.999 999.999
 1.0000 0.017740  301 1.20419144e+10    0.580  3.137  3.5131  0.068    7  0.000  0.456     0.00     0.00 -1 -3.81e-07      0.00 6.872e-01 2.940e-01 2.631e-03 1.345e-03 7.702e-03 -1.000 1.879e-02 7 -3.073 3.642 2.674 1.250 -2.927 -4.920 -5.828 -6.220 -6.452 -6.336 -6.532 -6.753 -7.849 999.999 999.999
 1.0000 0.017740  302 1.20419144e+10    0.580  3.137  3.5131  0.068    7  0.000  0.456     0.00     0.00 -1 -3.81e-07      0.00 6.872e-01 2.940e-01 2.631e-03 1.345e-03 7.702e-03 -1.000 1.879e-02 7 -3.073 3.642 2.674 1.250 -2.927 -4.920 -5.828 -6.220 -6.452 -6.336 -6.532 -6.753 -7.849 999.999 999.999
 1.0000 0.017740  303 1.20419144e+10    0.580  3.137  3.5131  0.068    7  0.000  0.456     0.00     0.00 -1 -3.81e-07      0.00 6.872e-01 2.940e-01 2.631e-03 1.345e-03 7.702e-03 -1.000 1.879e-02 7 -3.073 3.642 2.674 1.250 -2.927 -4.920 -5.828 -6.220 -6.452 -6.336 -6.532 -6.753 -7.849 999.999 999.999
 1.0000 0.017740  304 1.20419144e+10    0.580  3.137  3.5131  0.068    7  0.000  0.456     0.00     0.00 -1 -3.81e-07      0.00 6.872e-01 2.940e-01 2.631e-03 1.345e-03 7.702e-03 -1.000 1.879e-02 7 -3.073 3.642 2.674 1.250 -2.927 -4.920 -5.828 -6.220 -6.452 -6.336 -6.532 -6.753 -7.849 999.999 999.999
 1.0000 0.017740  305 1.20419144e+10    0.580  3.137  3.5131  0.068    7  0.000  0.456     0.00     0.00 -1 -3.81e-07      0.00 6.872e-01 2.940e-01 2.631e-03 1.345e-03 7.702e-03 -1.000 1.879e-02 7 -3.073 3.642 2.674 1.250 -2.927 -4.920 -5.828 -6.220 -6.452 -6.336 -6.532 -6.753 -7.849 999.999 999.999
 1.0000 0.017740  306 1.20419144e+10    0.580  3.137  3.5131  0.068    7  0.000  0.456     0.00     0.00 -1 -3.81e-07      0.00 6.872e-01 2.940e-01 2.631e-03 1.345e-03 7.702e-03 -1.000 1.879e-02 7 -3.073 3.642 2.674 1.250 -2.927 -4.920 -5.828 -6.220 -6.452 -6.336 -6.532 -6.753 -7.849 999.999 999.999
 1.0000 0.017740  307 1.20419144e+10    0.580  3.137  3.5131  0.068    7  0.000  0.456     0.00     0.00 -1 -3.81e-07      0.00 6.872e-01 2.940e-01 2.631e-03 1.345e-03 7.702e-03 -1.000 1.879e-02 7 -3.073 3.642 2.674 1.250 -2.927 -4.920 -5.828 -6.220 -6.452 -6.336 -6.532 -6.753 -7.849 999.999 999.999
 1.0000 0.017740  308 1.20419144e+10    0.580  3.137  3.5131  0.068    7  0.000  0.456     0.00     0.00 -1 -3.81e-07      0.00 6.872e-01 2.940e-01 2.631e-03 1.345e-03 7.702e-03 -1.000 1.879e-02 7 -3.073 3.642 2.674 1.250 -2.927 -4.920 -5.828 -6.220 -6.452 -6.336 -6.532 -6.753 -7.849 999.999 999.999
 1.0000 0.017740  309 1.20419164e+10    0.579  3.116  3.5159  0.100    7  0.000  0.456     0.00     0.00 -1  -3.5e-07      0.00 6.872e-01 2.940e-01 2.631e-03 1.345e-03 7.702e-03 -1.000 1.879e-02 7 -3.021 3.585 2.539 1.099 -2.945 -4.865 -5.768 -6.150 -6.370 -6.249 -6.439 -6.647 -7.680 999.999 999.999
 1.0000 0.017740  310 1.20419164e+10    0.579  3.116  3.5159  0.100    7  0.000  0.456     0.00     0.00 -1  -3.5e-07      0.00 6.872e-01 2.940e-01 2.631e-03 1.345e-03 7.702e-03 -1.000 1.879e-02 7 -3.021 3.585 2.539 1.099 -2.945 -4.865 -5.768 -6.150 -6.370 -6.249 -6.439 -6.647 -7.680 999.999 999.999
 1.0000 0.017740  311 1.20419164e+10    0.579  3.116  3.5159  0.100    7  0.000  0.456     0.00     0.00 -1  -3.5e-07      0.00 6.872e-01 2.940e-01 2.631e-03 1.345e-03 7.702e-03 -1.000 1.879e-02 7 -3.021 3.585 2.539 1.099 -2.945 -4.865 -5.768 -6.150 -6.370 -6.249 -6.439 -6.647 -7.680 999.999 999.999
 1.0000 0.017740  312 1.20419164e+10    0.579  3.139  3.5131  0.066    7  0.000  0.456     0.00     0.00 -1 -3.86e-07      0.00 6.872e-01 2.940e-01 2.631e-03 1.345e-03 7.702e-03 -1.000 1.879e-02 7 -3.077 3.648 2.676 1.250 -2.929 -4.923 -5.832 -6.224 -6.458 -6.342 -6.539 -6.763 -7.870 999.999 999.999
 1.0000 0.017740  313 1.20419164e+10    0.579  3.139  3.5131  0.066    7  0.000  0.456     0.00     0.00 -1 -3.86e-07      0.00 6.872e-01 2.940e-01 2.631e-03 1.345e-03 7.702e-03 -1.000 1.879e-02 7 -3.077 3.648 2.676 1.250 -2.929 -4.923 -5.832 -6.224 -6.458 -6.342 -6.539 -6.763 -7.870 999.999 999.999
 1.0000 0.017740  314 1.20419185e+10    0.579  3.143  3.5126  0.060    7  0.000  0.456     0.00     0.00 -1 -3.92e-07      0.00 6.872e-01 2.940e-01 2.631e-03 1.345e-03 7.702e-03 -1.000 1.879e-02 7 -3.087 3.657 2.697 1.273 -2.926 -4.933 -5.842 -6.236 -6.472 -6.358 -6.556 -6.782 -7.902 999.999 999.999
 1.0000 0.017740  315 1.20419287e+10    0.574  3.159  3.5122  0.039    7  0.000  0.456     0.00     0.00 -1 -4.32e-07      0.00 6.872e-01 2.940e-01 2.631e-03 1.345e-03 7.702e-03 -1.000 1.879e-02 7 -3.127 3.700 2.729 1.294 -2.942 -4.967 -5.880 -6.281 -6.529 -6.424 -6.628 -6.871 -8.078 999.999 999.999
 1.0000 0.017740  316 1.20419348e+10    0.572  3.171  3.5118  0.024    7  0.000  0.456     0.00     0.00 -1 -4.61e-07      0.00 6.872e-01 2.940e-01 2.631e-03 1.345e-03 7.702e-03 -1.000 1.879e-02 7 -3.158 3.733 2.758 1.316 -2.952 -4.992 -5.908 -6.314 -6.571 -6.472 -6.681 -6.936 -8.198 999.999 999.999
 1.0000 0.017740  317 1.20419389e+10    0.569  3.181  3.5117  0.011    7  0.000  0.456     0.00     0.00 -1 -4.88e-07      0.00 6.872e-01 2.940e-01 2.631e-03 1.345e-03 7.702e-03 -1.000 1.879e-02 7 -3.183 3.790 2.795 1.339 -2.957 -5.010 -5.930 -6.342 -6.611 -6.521 -6.735 -7.003 -8.311 999.999 999.999
 1.0000 0.017740  318 1.20419461e+10    0.566  3.192  3.5119 -0.001    7  0.000  0.456     0.00     0.00 -1  -5.2e-07      0.00 6.872e-01 2.940e-01 2.631e-03 1.345e-03 7.702e-03 -1.000 1.879e-02 7 -3.209 3.849 2.818 1.342 -2.969 -5.025 -5.950 -6.368 -6.651 -6.570 -6.790 -7.072 -8.434 999.999 999.999
 1.0000 0.017740  319 1.20419533e+10    0.562  3.203  3.5125 -0.012    7  0.000  0.456     0.00     0.00 -1 -5.58e-07      0.00 6.872e-01 2.940e-01 2.631e-03 1.345e-03 7.702e-03 -1.000 1.879e-02 7 -3.236 4.019 2.899 1.376 -2.966 -5.025 -5.961 -6.394 -6.710 -6.656 -6.890 -7.209 -8.703 999.999 999.999
 1.0000 0.017740  320 1.20419635e+10    0.556  3.216  3.5168 -0.014    7  0.000  0.456     0.00     0.00 -1 -6.19e-07      0.00 6.872e-01 2.940e-01 2.631e-03 1.345e-03 7.702e-03 -1.000 1.879e-02 7 -3.270 4.015 2.704 1.115 -3.071 -5.037 -5.972 -6.405 -6.735 -6.699 -6.936 -7.274 -8.839 999.999 999.999
 1.0000 0.017740  321 1.20419820e+10    0.540  3.226  3.5368  0.044    7  0.000  0.456     0.00     0.00 -1 -7.16e-07      0.00 6.872e-01 2.940e-01 2.631e-03 1.345e-03 7.702e-03 -1.000 1.879e-02 7 -3.295 3.824 1.815 0.016 -3.379 -4.988 -5.904 -6.324 -6.692 -6.704 -6.941 -7.327 -9.032 999.999 999.999
#track terminated
