# Mini  Zini  n   age     Mass   logL    logTe  logg  label   McoreTP C_O  period0 period1 pmode  Mloss  tau1m   X   Y   Xc  Xn  Xo  Cexcess  Z  stage	 mbolmag  Umag    Bmag    Vmag    Imag    Jmag    Hmag    Ksmag   IRAC_3.6mag  IRAC_4.5mag  IRAC_5.8mag  IRAC_8.0mag  MIPS_24mag  MIPS_70mag  MIPS_160mag
 1.0000 0.017740    0 0.00000000e+00    1.000  2.488  3.5593  1.139    0  0.000  0.538     0.00     0.00 -1    -1e-30      0.00 7.019e-01 2.803e-01 3.156e-03 8.618e-04 7.827e-03 -1.000 1.779e-02 0 -1.450 3.465 1.899 0.421 -1.949 -3.189 -4.030 -4.282 -4.388 -4.236 -4.340 -4.411 -4.286 999.999 999.999
 1.0000 0.017740    1 7.81863403e+01    1.000  2.442  3.5636  1.202    0  0.000  0.538     0.00     0.00 -1 -4.16e-11      0.00 7.019e-01 2.803e-01 3.156e-03 8.618e-04 7.827e-03 -1.000 1.779e-02 0 -1.336 3.475 1.899 0.419 -1.852 -3.062 -3.895 -4.139 -4.242 -4.094 -4.193 -4.264 -4.134 999.999 999.999
 1.0000 0.017740    2 1.61567444e+02    1.000  2.401  3.5674  1.259    0  0.000  0.538     0.00     0.00 -1 -9.25e-10      0.00 7.019e-01 2.803e-01 3.156e-03 8.618e-04 7.827e-03 -1.000 1.779e-02 0 -1.233 3.486 1.901 0.418 -1.765 -2.947 -3.772 -4.011 -4.111 -3.966 -4.061 -4.133 -3.998 999.999 999.999
 1.0000 0.017740    3 2.57918488e+02    1.000  2.360  3.5711  1.314    0  0.000  0.538     0.00     0.00 -1  -9.6e-10      0.00 7.019e-01 2.803e-01 3.156e-03 8.618e-04 7.827e-03 -1.000 1.779e-02 0 -1.131 3.497 1.910 0.428 -1.677 -2.835 -3.652 -3.885 -3.983 -3.841 -3.933 -4.004 -3.866 999.999 999.999
 1.0000 0.017740    4 3.68549835e+02    1.000  2.321  3.5746  1.368    0  0.000  0.538     0.00     0.00 -1 -8.22e-10      0.00 7.019e-01 2.803e-01 3.156e-03 8.618e-04 7.827e-03 -1.000 1.779e-02 0 -1.031 3.504 1.932 0.457 -1.587 -2.725 -3.535 -3.762 -3.857 -3.719 -3.806 -3.878 -3.736 999.999 999.999
 1.0000 0.017740    5 4.98172546e+02    1.000  2.280  3.5780  1.422    0  0.000  0.538     0.00     0.00 -1 -7.04e-10      0.00 7.019e-01 2.803e-01 3.156e-03 8.618e-04 7.827e-03 -1.000 1.779e-02 0 -0.930 3.513 1.956 0.488 -1.497 -2.615 -3.416 -3.638 -3.731 -3.596 -3.680 -3.751 -3.606 999.999 999.999
 1.0000 0.017740    6 6.48343872e+02    1.000  2.240  3.5814  1.476    0  0.000  0.538     0.00     0.00 -1 -6.03e-10      0.00 7.019e-01 2.803e-01 3.156e-03 8.618e-04 7.827e-03 -1.000 1.779e-02 0 -0.829 3.526 1.983 0.521 -1.405 -2.504 -3.299 -3.515 -3.605 -3.473 -3.554 -3.626 -3.477 999.999 999.999
 1.0000 0.017740    7 8.18513794e+02    1.000  2.200  3.5845  1.528    0  0.000  0.538     0.00     0.00 -1 -5.19e-10      0.00 7.019e-01 2.803e-01 3.156e-03 8.618e-04 7.827e-03 -1.000 1.779e-02 0 -0.730 3.542 2.014 0.558 -1.315 -2.397 -3.184 -3.395 -3.483 -3.354 -3.432 -3.503 -3.351 999.999 999.999
 1.0000 0.017740    8 1.01861597e+03    1.000  2.160  3.5876  1.581    0  0.000  0.538     0.00     0.00 -1 -4.45e-10      0.00 7.019e-01 2.803e-01 3.156e-03 8.618e-04 7.827e-03 -1.000 1.779e-02 0 -0.629 3.557 2.056 0.611 -1.222 -2.288 -3.067 -3.273 -3.359 -3.234 -3.308 -3.380 -3.224 999.999 999.999
 1.0000 0.017740    9 1.31251428e+03    1.000  2.110  3.5914  1.646    0  0.000  0.538     0.00     0.00 -1 -3.68e-10      0.00 7.019e-01 2.803e-01 3.156e-03 8.618e-04 7.827e-03 -1.000 1.779e-02 0 -0.505 3.577 2.108 0.677 -1.106 -2.155 -2.923 -3.124 -3.208 -3.086 -3.156 -3.228 -3.069 999.999 999.999
 1.0000 0.017740   10 1.65872095e+03    1.000  2.061  3.5950  1.709    0  0.000  0.538     0.00     0.00 -1 -3.05e-10      0.00 7.019e-01 2.803e-01 3.156e-03 8.618e-04 7.827e-03 -1.000 1.779e-02 0 -0.382 3.602 2.162 0.744 -0.992 -2.023 -2.782 -2.977 -3.059 -2.940 -3.007 -3.080 -2.917 999.999 999.999
 1.0000 0.017740   11 1.98748877e+03    1.000  2.022  3.5978  1.760    0  0.000  0.538     0.00     0.00 -1 -2.63e-10      0.00 7.019e-01 2.803e-01 3.156e-03 8.618e-04 7.827e-03 -1.000 1.779e-02 0 -0.284 3.624 2.207 0.799 -0.901 -1.918 -2.670 -2.860 -2.940 -2.825 -2.889 -2.961 -2.796 999.999 999.999
 1.0000 0.017740   12 2.36759497e+03    1.000  1.982  3.6006  1.811    0  0.000  0.538     0.00     0.00 -1 -2.27e-10      0.00 7.019e-01 2.803e-01 3.156e-03 8.618e-04 7.827e-03 -1.000 1.779e-02 0 -0.185 3.642 2.258 0.864 -0.807 -1.812 -2.556 -2.742 -2.821 -2.707 -2.770 -2.842 -2.675 999.999 999.999
 1.0000 0.017740   13 2.79897461e+03    1.000  1.943  3.6032  1.860    0  0.000  0.538     0.00     0.00 -1 -1.96e-10      0.00 7.019e-01 2.803e-01 3.156e-03 8.618e-04 7.827e-03 -1.000 1.779e-02 0 -0.088 3.661 2.309 0.927 -0.716 -1.709 -2.447 -2.628 -2.705 -2.594 -2.654 -2.727 -2.559 999.999 999.999
 1.0000 0.017740   14 3.30620630e+03    1.000  1.904  3.6059  1.910    0  0.000  0.538     0.00     0.00 -1 -1.69e-10      0.00 7.019e-01 2.803e-01 3.156e-03 8.618e-04 7.827e-03 -1.000 1.779e-02 0 0.011 3.683 2.363 0.994 -0.622 -1.604 -2.334 -2.512 -2.587 -2.478 -2.536 -2.609 -2.440 999.999 999.999
 1.0000 0.017740   15 4.03429834e+03    1.000  1.855  3.6090  1.971    0  0.000  0.538     0.00     0.00 -1 -1.41e-10      0.00 7.019e-01 2.803e-01 3.156e-03 8.618e-04 7.827e-03 -1.000 1.779e-02 0 0.132 3.713 2.430 1.076 -0.506 -1.475 -2.197 -2.370 -2.443 -2.337 -2.392 -2.465 -2.295 999.999 999.999
 1.0000 0.017740   16 4.72633496e+03    1.000  1.816  3.6115  2.020    0  0.000  0.538     0.00     0.00 -1 -1.21e-10      0.00 7.019e-01 2.803e-01 3.156e-03 8.618e-04 7.827e-03 -1.000 1.779e-02 0 0.231 3.743 2.486 1.144 -0.413 -1.370 -2.086 -2.255 -2.327 -2.222 -2.276 -2.350 -2.178 999.999 999.999
 1.0000 0.017740   17 5.73415283e+03    1.000  1.766  3.6145  2.082    0  0.000  0.538     0.00     0.00 -1 -1.01e-10      0.00 7.019e-01 2.803e-01 3.156e-03 8.618e-04 7.827e-03 -1.000 1.779e-02 0 0.354 3.781 2.561 1.236 -0.295 -1.240 -1.948 -2.112 -2.182 -2.080 -2.132 -2.206 -2.037 999.999 999.999
 1.0000 0.017740   18 6.67888086e+03    1.000  1.728  3.6168  2.129    0  0.000  0.538     0.00     0.00 -1 -8.74e-11      0.00 7.019e-01 2.803e-01 3.156e-03 8.618e-04 7.827e-03 -1.000 1.779e-02 0 0.451 3.812 2.622 1.309 -0.203 -1.138 -1.841 -2.001 -2.070 -1.969 -2.020 -2.093 -1.927 999.999 999.999
 1.0000 0.017740   19 8.06332910e+03    1.000  1.679  3.6196  2.190    0  0.000  0.538     0.00     0.00 -1 -7.28e-11      0.00 7.019e-01 2.803e-01 3.156e-03 8.618e-04 7.827e-03 -1.000 1.779e-02 0 0.574 3.854 2.700 1.403 -0.085 -1.009 -1.704 -1.860 -1.927 -1.829 -1.878 -1.951 -1.788 999.999 999.999
 1.0000 0.017740   20 9.70398730e+03    1.000  1.631  3.6223  2.249    0  0.000  0.538     0.00     0.00 -1 -6.09e-11      0.00 7.019e-01 2.803e-01 3.156e-03 8.618e-04 7.827e-03 -1.000 1.779e-02 0 0.694 3.899 2.777 1.496 0.030 -0.883 -1.571 -1.722 -1.788 -1.692 -1.739 -1.812 -1.652 999.999 999.999
 1.0000 0.017740   21 1.16787646e+04    1.000  1.581  3.6249  2.308    0  0.000  0.538     0.00     0.00 -1 -5.08e-11      0.00 7.019e-01 2.803e-01 3.156e-03 8.618e-04 7.827e-03 -1.000 1.779e-02 0 0.817 3.948 2.859 1.592 0.148 -0.754 -1.435 -1.582 -1.647 -1.552 -1.598 -1.671 -1.514 999.999 999.999
 1.0000 0.017740   22 1.39913516e+04    1.000  1.533  3.6275  2.367    0  0.000  0.538     0.00     0.00 -1 -4.25e-11      0.00 7.019e-01 2.803e-01 3.156e-03 8.618e-04 7.827e-03 -1.000 1.779e-02 0 0.937 3.999 2.942 1.689 0.265 -0.627 -1.302 -1.445 -1.508 -1.415 -1.461 -1.533 -1.380 999.999 999.999
 1.0000 0.017740   23 1.67797207e+04    1.000  1.484  3.6299  2.426    0  0.000  0.538     0.00     0.00 -1 -3.55e-11      0.00 7.019e-01 2.803e-01 3.156e-03 8.618e-04 7.827e-03 -1.000 1.779e-02 0 1.060 4.054 3.028 1.790 0.384 -0.498 -1.168 -1.306 -1.368 -1.277 -1.321 -1.392 -1.246 999.999 999.999
 1.0000 0.017740   24 2.00664980e+04    1.000  1.435  3.6323  2.484    0  0.000  0.538     0.00     0.00 -1 -2.96e-11      0.00 7.019e-01 2.803e-01 3.156e-03 8.618e-04 7.827e-03 -1.000 1.779e-02 0 1.182 4.111 3.115 1.891 0.502 -0.371 -1.035 -1.170 -1.230 -1.141 -1.184 -1.255 -1.114 999.999 999.999
 1.0000 0.017740   25 2.39974531e+04    1.000  1.387  3.6346  2.541    0  0.000  0.538     0.00     0.00 -1 -2.48e-11      0.00 7.019e-01 2.803e-01 3.156e-03 8.618e-04 7.827e-03 -1.000 1.779e-02 0 1.303 4.174 3.203 1.993 0.619 -0.245 -0.903 -1.035 -1.094 -1.006 -1.048 -1.118 -0.983 999.999 999.999
 1.0000 0.017740   26 2.86495254e+04    1.000  1.338  3.6367  2.598    0  0.000  0.538     0.00     0.00 -1 -2.08e-11      0.00 7.019e-01 2.803e-01 3.156e-03 8.618e-04 7.827e-03 -1.000 1.779e-02 0 1.424 4.241 3.294 2.096 0.737 -0.119 -0.771 -0.900 -0.957 -0.871 -0.913 -0.982 -0.851 999.999 999.999
 1.0000 0.017740   27 3.42207148e+04    1.000  1.290  3.6388  2.655    0  0.000  0.538     0.00     0.00 -1 -1.75e-11      0.00 7.019e-01 2.803e-01 3.156e-03 8.618e-04 7.827e-03 -1.000 1.779e-02 0 1.544 4.310 3.385 2.198 0.854 0.006 -0.641 -0.767 -0.823 -0.738 -0.779 -0.848 -0.722 999.999 999.999
 1.0000 0.017740   28 4.08328945e+04    1.000  1.243  3.6407  2.710    0  0.000  0.538     0.00     0.00 -1 -1.47e-11      0.00 7.019e-01 2.803e-01 3.156e-03 8.618e-04 7.827e-03 -1.000 1.779e-02 0 1.662 4.381 3.476 2.301 0.969 0.129 -0.513 -0.636 -0.691 -0.608 -0.648 -0.716 -0.595 999.999 999.999
 1.0000 0.017740   29 5.08039805e+04    1.000  1.190  3.6428  2.771    0  0.000  0.538     0.00     0.00 -1 -1.21e-11      0.00 7.019e-01 2.803e-01 3.156e-03 8.618e-04 7.827e-03 -1.000 1.779e-02 0 1.794 4.465 3.581 2.417 1.098 0.266 -0.371 -0.491 -0.545 -0.463 -0.502 -0.570 -0.455 999.999 999.999
 1.0000 0.017740   30 6.16879219e+04    1.000  1.154  3.6441  2.813    0  0.000  0.538     0.00     0.00 -1 -1.06e-11      0.00 7.019e-01 2.803e-01 3.156e-03 8.618e-04 7.827e-03 -1.000 1.779e-02 0 1.885 4.524 3.654 2.498 1.188 0.360 -0.273 -0.391 -0.445 -0.364 -0.403 -0.470 -0.359 999.999 999.999
 1.0000 0.017740   31 7.84715938e+04    1.000  1.119  3.6454  2.853    0  0.000  0.538     0.00     0.00 -1 -9.35e-12      0.00 7.019e-01 2.803e-01 3.156e-03 8.618e-04 7.827e-03 -1.000 1.779e-02 0 1.973 4.582 3.725 2.576 1.274 0.451 -0.179 -0.296 -0.348 -0.268 -0.307 -0.373 -0.266 999.999 999.999
 1.0000 0.017740   32 1.27759867e+05    1.000  1.052  3.6476  2.928    0  0.000  0.538     0.00     0.00 -1 -7.36e-12      0.00 7.019e-01 2.803e-01 3.156e-03 8.618e-04 7.827e-03 -1.000 1.779e-02 0 2.139 4.696 3.862 2.725 1.437 0.623 -0.003 -0.116 -0.167 -0.089 -0.126 -0.192 -0.092 999.999 999.999
 1.0000 0.017740   33 1.69325625e+05    1.000  0.989  3.6494  2.999    0  0.000  0.538     0.00     0.00 -1 -5.86e-12      0.00 7.019e-01 2.803e-01 3.156e-03 8.618e-04 7.827e-03 -1.000 1.779e-02 0 2.297 4.809 3.994 2.870 1.592 0.786 0.165 0.054 0.004 0.081 0.044 -0.021 0.074 999.999 999.999
 1.0000 0.017740   34 1.96083375e+05    1.000  0.933  3.6510  3.061    0  0.000  0.538     0.00     0.00 -1 -4.79e-12      0.00 7.019e-01 2.803e-01 3.156e-03 8.618e-04 7.827e-03 -1.000 1.779e-02 0 2.438 4.917 4.116 2.999 1.731 0.931 0.313 0.205 0.156 0.231 0.195 0.131 0.221 999.999 999.999
 1.0000 0.017740   35 2.16158859e+05    1.000  0.890  3.6520  3.108    0  0.000  0.538     0.00     0.00 -1 -4.12e-12      0.00 7.019e-01 2.803e-01 3.156e-03 8.618e-04 7.827e-03 -1.000 1.779e-02 0 2.545 5.000 4.209 3.098 1.836 1.040 0.425 0.318 0.269 0.343 0.308 0.244 0.332 999.999 999.999
 1.0000 0.017740   36 2.46252297e+05    1.000  0.834  3.6532  3.169    0  0.000  0.538     0.00     0.00 -1 -3.37e-12      0.00 7.019e-01 2.803e-01 3.156e-03 8.618e-04 7.827e-03 -1.000 1.779e-02 0 2.685 5.113 4.333 3.230 1.975 1.183 0.571 0.466 0.418 0.491 0.456 0.393 0.477 999.999 999.999
 1.0000 0.017740   37 2.76027562e+05    1.000  0.788  3.6541  3.219    0  0.000  0.538     0.00     0.00 -1 -2.86e-12      0.00 7.019e-01 2.803e-01 3.156e-03 8.618e-04 7.827e-03 -1.000 1.779e-02 0 2.801 5.210 4.437 3.340 2.090 1.302 0.691 0.588 0.540 0.612 0.578 0.516 0.596 999.999 999.999
 1.0000 0.017740   38 3.11156469e+05    1.000  0.740  3.6549  3.269    0  0.000  0.538     0.00     0.00 -1 -2.42e-12      0.00 7.019e-01 2.803e-01 3.156e-03 8.618e-04 7.827e-03 -1.000 1.779e-02 0 2.920 5.311 4.546 3.455 2.208 1.422 0.814 0.711 0.665 0.736 0.701 0.640 0.718 999.999 999.999
 1.0000 0.017740   39 3.52414844e+05    1.000  0.692  3.6555  3.320    0  0.000  0.538     0.00     0.00 -1 -2.05e-12      0.00 7.019e-01 2.803e-01 3.156e-03 8.618e-04 7.827e-03 -1.000 1.779e-02 0 3.039 5.416 4.657 3.570 2.326 1.544 0.936 0.835 0.789 0.859 0.825 0.764 0.840 999.999 999.999
 1.0000 0.017740   40 4.00904156e+05    1.000  0.644  3.6561  3.370    0  0.000  0.538     0.00     0.00 -1 -1.73e-12      0.00 7.019e-01 2.803e-01 3.156e-03 8.618e-04 7.827e-03 -1.000 1.779e-02 0 3.160 5.524 4.771 3.689 2.447 1.667 1.060 0.959 0.914 0.983 0.950 0.889 0.964 999.999 999.999
 1.0000 0.017740   41 4.70462719e+05    1.000  0.586  3.6565  3.430    0  0.000  0.538     0.00     0.00 -1 -1.41e-12      0.00 7.019e-01 2.803e-01 3.156e-03 8.618e-04 7.827e-03 -1.000 1.779e-02 0 3.304 5.656 4.908 3.832 2.591 1.813 1.207 1.107 1.062 1.130 1.097 1.037 1.110 999.999 999.999
 1.0000 0.017740   42 5.54797250e+05    1.000  0.528  3.6568  3.489    0  0.000  0.538     0.00     0.00 -1 -1.15e-12      0.00 7.019e-01 2.803e-01 3.156e-03 8.618e-04 7.827e-03 -1.000 1.779e-02 0 3.450 5.792 5.050 3.977 2.737 1.959 1.353 1.254 1.210 1.277 1.243 1.185 1.257 999.999 999.999
 1.0000 0.017740   43 6.38481438e+05    1.000  0.480  3.6568  3.537    0  0.000  0.538     0.00     0.00 -1 -9.78e-13      0.00 7.019e-01 2.803e-01 3.156e-03 8.618e-04 7.827e-03 -1.000 1.779e-02 0 3.570 5.914 5.169 4.098 2.856 2.079 1.472 1.373 1.329 1.396 1.363 1.305 1.370 999.999 999.999
 1.0000 0.017740   44 7.36454312e+05    1.000  0.432  3.6567  3.585    0  0.000  0.538     0.00     0.00 -1 -8.29e-13      0.00 7.019e-01 2.803e-01 3.156e-03 8.618e-04 7.827e-03 -1.000 1.779e-02 0 3.690 6.040 5.290 4.219 2.975 2.198 1.589 1.491 1.448 1.515 1.481 1.424 1.480 999.999 999.999
 1.0000 0.017740   45 8.76220125e+05    1.000  0.374  3.6564  3.642    0  0.000  0.538     0.00     0.00 -1 -6.79e-13      0.00 7.019e-01 2.803e-01 3.156e-03 8.618e-04 7.827e-03 -1.000 1.779e-02 0 3.836 6.196 5.439 4.369 3.120 2.342 1.730 1.634 1.591 1.658 1.625 1.568 1.613 999.999 999.999
 1.0000 0.017740   46 1.04459462e+06    1.000  0.315  3.6559  3.698    0  0.000  0.538     0.00     0.00 -1 -5.55e-13      0.00 7.019e-01 2.803e-01 3.156e-03 8.618e-04 7.827e-03 -1.000 1.779e-02 0 3.982 6.356 5.592 4.520 3.266 2.486 1.871 1.775 1.733 1.800 1.767 1.711 1.746 999.999 999.999
 1.0000 0.017740   47 1.24732812e+06    1.000  0.256  3.6551  3.754    0  0.000  0.538     0.00     0.00 -1 -4.55e-13      0.00 7.019e-01 2.803e-01 3.156e-03 8.618e-04 7.827e-03 -1.000 1.779e-02 0 4.129 6.520 5.746 4.673 3.412 2.630 2.010 1.915 1.873 1.941 1.907 1.852 1.877 999.999 999.999
 1.0000 0.017740   48 1.49112550e+06    1.000  0.198  3.6541  3.809    0  0.000  0.538     0.00     0.00 -1 -3.74e-13      0.00 7.019e-01 2.803e-01 3.156e-03 8.618e-04 7.827e-03 -1.000 1.779e-02 0 4.276 6.688 5.904 4.828 3.559 2.774 2.148 2.054 2.013 2.081 2.046 1.992 2.007 999.999 999.999
 1.0000 0.017740   49 1.78375400e+06    1.000  0.139  3.6530  3.863    0  0.000  0.538     0.00     0.00 -1 -3.06e-13      0.00 7.019e-01 2.803e-01 3.156e-03 8.618e-04 7.827e-03 -1.000 1.779e-02 0 4.423 6.861 6.065 4.986 3.706 2.917 2.286 2.192 2.151 2.220 2.185 2.132 2.135 999.999 999.999
 1.0000 0.017740   50 2.13504075e+06    1.000  0.080  3.6516  3.917    0  0.000  0.538     0.00     0.00 -1 -2.51e-13      0.00 7.019e-01 2.803e-01 3.156e-03 8.618e-04 7.827e-03 -1.000 1.779e-02 0 4.570 7.037 6.228 5.145 3.854 3.060 2.422 2.329 2.288 2.357 2.322 2.270 2.262 999.999 999.999
 1.0000 0.017740   51 2.48207800e+06    1.000  0.032  3.6504  3.960    0  0.000  0.538     0.00     0.00 -1 -2.14e-13      0.00 7.019e-01 2.803e-01 3.156e-03 8.618e-04 7.827e-03 -1.000 1.779e-02 0 4.691 7.183 6.364 5.278 3.975 3.177 2.534 2.440 2.400 2.470 2.434 2.384 2.364 999.999 999.999
 1.0000 0.017740   52 2.89042975e+06    1.000 -0.017  3.6492  4.004    0  0.000  0.538     0.00     0.00 -1 -1.82e-13      0.00 7.019e-01 2.803e-01 3.156e-03 8.618e-04 7.827e-03 -1.000 1.779e-02 0 4.813 7.331 6.500 5.411 4.097 3.295 2.646 2.553 2.513 2.583 2.547 2.497 2.467 2.441 2.431
 1.0000 0.017740   53 3.48184825e+06    1.000 -0.074  3.6478  4.055    0  0.000  0.538     0.00     0.00 -1  -1.5e-13      0.00 7.019e-01 2.803e-01 3.156e-03 8.618e-04 7.827e-03 -1.000 1.779e-02 0 4.955 7.500 6.661 5.567 4.240 3.434 2.780 2.686 2.647 2.716 2.680 2.631 2.599 2.573 2.563
 1.0000 0.017740   54 4.08652050e+06    1.000 -0.121  3.6467  4.098    0  0.000  0.538     0.00     0.00 -1 -1.28e-13      0.00 7.019e-01 2.803e-01 3.156e-03 8.618e-04 7.827e-03 -1.000 1.779e-02 0 5.073 7.637 6.791 5.695 4.359 3.549 2.892 2.798 2.758 2.827 2.791 2.743 2.709 2.683 2.673
 1.0000 0.017740   55 4.83171750e+06    1.000 -0.170  3.6459  4.143    0  0.000  0.538     0.00     0.00 -1 -1.09e-13      0.00 7.019e-01 2.803e-01 3.156e-03 8.618e-04 7.827e-03 -1.000 1.779e-02 0 5.194 7.773 6.922 5.824 4.479 3.667 3.008 2.913 2.873 2.942 2.905 2.859 2.823 2.797 2.787
 1.0000 0.017740   56 5.77945300e+06    1.000 -0.215  3.6456  4.187    0  0.000  0.538     0.00     0.00 -1 -9.32e-14      0.00 7.019e-01 2.803e-01 3.156e-03 8.618e-04 7.827e-03 -1.000 1.779e-02 0 5.308 7.893 7.040 5.941 4.593 3.780 3.121 3.025 2.986 3.054 3.017 2.971 2.935 2.909 2.898
 1.0000 0.017740   57 7.36909700e+06    1.000 -0.267  3.6465  4.243    0  0.000  0.538     0.00     0.00 -1 -7.75e-14      0.00 7.019e-01 2.803e-01 3.156e-03 8.618e-04 7.827e-03 -1.000 1.779e-02 0 5.439 8.009 7.161 6.066 4.722 3.913 3.257 3.163 3.123 3.191 3.154 3.109 3.073 3.046 3.036
 1.0000 0.017740   58 9.28533700e+06    1.000 -0.307  3.6493  4.294    0  0.000  0.538     0.00     0.00 -1 -6.67e-14      0.00 7.019e-01 2.803e-01 3.156e-03 8.618e-04 7.827e-03 -1.000 1.779e-02 0 5.537 8.062 7.227 6.143 4.817 4.017 3.371 3.279 3.240 3.307 3.271 3.224 3.191 3.165 3.154
 1.0000 0.017740   59 1.24606830e+07    1.000 -0.338  3.6566  4.354    0  0.000  0.538     0.00     0.00 -1 -5.76e-14      0.00 7.019e-01 2.803e-01 3.156e-03 8.618e-04 7.827e-03 -1.000 1.779e-02 0 5.615 8.019 7.223 6.166 4.889 4.115 3.492 3.404 3.367 3.433 3.399 3.350 3.324 3.300 3.289
 1.0000 0.017740   60 1.48759130e+07    1.000 -0.325  3.6662  4.379    0  0.000  0.538     0.00     0.00 -1 -5.74e-14      0.00 7.019e-01 2.803e-01 3.156e-03 8.618e-04 7.827e-03 -1.000 1.779e-02 0 5.582 7.824 7.089 6.064 4.850 4.108 3.520 3.437 3.401 3.464 3.432 3.384 3.363 3.345 3.333
 1.0000 0.017740   61 1.69188820e+07    1.000 -0.301  3.6760  4.395    0  0.000  0.538     0.00     0.00 -1 -5.93e-14      0.00 7.019e-01 2.803e-01 3.156e-03 8.618e-04 7.827e-03 -1.000 1.779e-02 0 5.524 7.603 6.931 5.941 4.787 4.079 3.524 3.445 3.412 3.472 3.443 3.395 3.378 3.365 3.355
 1.0000 0.017740   62 1.84748600e+07    1.000 -0.275  3.6847  4.404    0  0.000  0.538     0.00     0.00 -1 -6.24e-14      0.00 7.019e-01 2.803e-01 3.156e-03 8.618e-04 7.827e-03 -1.000 1.779e-02 0 5.458 7.392 6.780 5.821 4.719 4.039 3.513 3.439 3.408 3.464 3.437 3.391 3.377 3.367 3.360
 1.0000 0.017740   63 1.98241500e+07    1.000 -0.247  3.6928  4.409    0  0.000  0.538     0.00     0.00 -1  -6.6e-14      0.00 7.019e-01 2.803e-01 3.156e-03 8.617e-04 7.827e-03 -1.000 1.779e-02 0 5.389 7.188 6.636 5.706 4.650 3.996 3.497 3.427 3.397 3.450 3.426 3.381 3.369 3.361 3.358
 1.0000 0.017740   64 2.09863800e+07    1.000 -0.221  3.7002  4.412    0  0.000  0.538     0.00     0.00 -1 -6.99e-14      0.00 7.019e-01 2.803e-01 3.156e-03 8.617e-04 7.827e-03 -1.000 1.779e-02 0 5.322 7.003 6.505 5.602 4.586 3.955 3.478 3.412 3.384 3.434 3.411 3.368 3.357 3.351 3.350
 1.0000 0.017740   65 2.20408760e+07    1.000 -0.195  3.7071  4.414    0  0.000  0.538     0.00     0.00 -1 -7.41e-14      0.00 7.019e-01 2.803e-01 3.156e-03 8.617e-04 7.827e-03 -1.000 1.779e-02 0 5.258 6.829 6.383 5.506 4.524 3.915 3.458 3.396 3.369 3.416 3.395 3.355 3.344 3.338 3.338
 1.0000 0.017740   66 2.30294260e+07    1.000 -0.170  3.7137  4.414    0  0.000  0.538     0.00     0.00 -1 -7.84e-14      0.00 7.019e-01 2.803e-01 3.156e-03 8.617e-04 7.827e-03 -1.000 1.779e-02 0 5.195 6.662 6.266 5.415 4.465 3.875 3.438 3.378 3.354 3.398 3.378 3.340 3.330 3.324 3.325
 1.0000 0.017740   67 2.39718020e+07    1.000 -0.145  3.7200  4.415    0  0.000  0.538     0.00     0.00 -1  -8.3e-14      0.00 7.019e-01 2.803e-01 3.156e-03 8.617e-04 7.827e-03 -1.000 1.779e-02 0 5.133 6.502 6.154 5.328 4.407 3.837 3.418 3.361 3.338 3.379 3.360 3.324 3.314 3.309 3.310
 1.0000 0.017740   68 2.48931380e+07    1.000 -0.121  3.7261  4.415    0  0.000  0.538     0.00     0.00 -1 -8.78e-14      0.00 7.019e-01 2.803e-01 3.156e-03 8.617e-04 7.827e-03 -1.000 1.779e-02 0 5.072 6.348 6.045 5.245 4.352 3.799 3.397 3.343 3.322 3.360 3.342 3.308 3.299 3.294 3.294
 1.0000 0.017740   69 2.61150440e+07    1.000 -0.089  3.7341  4.415    0  0.000  0.538     0.00     0.00 -1 -9.43e-14      0.00 7.019e-01 2.803e-01 3.156e-03 8.617e-04 7.826e-03 -1.000 1.779e-02 0 4.993 6.152 5.907 5.141 4.282 3.752 3.371 3.320 3.301 3.335 3.319 3.288 3.279 3.275 3.274
 1.0000 0.017740   70 2.74345080e+07    1.000 -0.060  3.7419  4.418    0  0.000  0.538     0.00     0.00 -1 -1.01e-13      0.00 7.019e-01 2.803e-01 3.156e-03 8.617e-04 7.826e-03 -1.000 1.779e-02 0 4.920 5.970 5.779 5.046 4.220 3.711 3.351 3.303 3.285 3.316 3.301 3.274 3.265 3.261 3.259
 1.0000 0.017740   71 2.87636120e+07    1.000 -0.036  3.7490  4.422    0  0.000  0.538     0.00     0.00 -1 -1.06e-13      0.00 7.019e-01 2.803e-01 3.155e-03 8.617e-04 7.826e-03 -1.000 1.779e-02 0 4.860 5.815 5.670 4.969 4.171 3.682 3.338 3.294 3.278 3.304 3.291 3.267 3.259 3.254 3.253
 1.0000 0.017740   72 2.95564080e+07    1.000 -0.037  3.7512  4.432    0  0.000  0.538     0.00     0.00 -1 -1.05e-13      0.00 7.019e-01 2.803e-01 3.155e-03 8.617e-04 7.826e-03 -1.000 1.779e-02 0 4.863 5.788 5.657 4.966 4.177 3.693 3.355 3.312 3.296 3.322 3.309 3.286 3.277 3.273 3.271
 1.0000 0.017740   73 3.37072440e+07    1.000 -0.073  3.7570  4.491    0  0.000  0.538     0.00     0.00 -1  -9.1e-14      0.00 7.019e-01 2.803e-01 3.155e-03 8.616e-04 7.825e-03 -1.000 1.778e-02 0 4.952 5.809 5.710 5.044 4.277 3.809 3.484 3.443 3.429 3.451 3.440 3.419 3.411 3.406 3.405
 1.0000 0.017740   74 3.61369840e+07    1.000 -0.109  3.7558  4.522    0  0.000  0.538     0.00     0.00 -1 -8.09e-14      0.00 7.020e-01 2.802e-01 3.155e-03 8.615e-04 7.825e-03 -1.000 1.778e-02 0 5.042 5.914 5.809 5.136 4.365 3.893 3.566 3.524 3.510 3.533 3.521 3.500 3.492 3.487 3.486
 1.0000 0.017740   75 3.94253760e+07    1.000 -0.136  3.7537  4.541    0  0.000  0.538     0.00     0.00 -1 -7.43e-14      0.00 7.020e-01 2.802e-01 3.155e-03 8.615e-04 7.825e-03 -1.000 1.779e-02 0 5.110 6.008 5.890 5.208 4.429 3.952 3.620 3.577 3.562 3.587 3.574 3.552 3.544 3.540 3.538
 1.0000 0.017740   76 4.47821760e+07    1.000 -0.162  3.7510  4.556    0  0.000  0.538     0.00     0.00 -1 -6.85e-14      0.00 7.020e-01 2.802e-01 3.154e-03 8.614e-04 7.824e-03 -1.000 1.779e-02 0 5.175 6.107 5.973 5.279 4.488 4.005 3.666 3.622 3.607 3.632 3.619 3.597 3.588 3.584 3.582
 1.0000 0.017740   77 6.56901400e+07    1.000 -0.156  3.7514  4.552    0  0.000  0.538     0.00     0.00 -1 -6.95e-14      0.00 7.022e-01 2.800e-01 3.153e-03 8.609e-04 7.820e-03 -1.000 1.777e-02 0 5.160 6.086 5.954 5.263 4.474 3.991 3.653 3.610 3.595 3.620 3.607 3.585 3.576 3.572 3.570
 1.0000 0.017740   78 8.05716720e+07    1.000 -0.152  3.7518  4.549    0  0.000  0.538     0.00     0.00 -1 -7.02e-14      0.00 7.023e-01 2.799e-01 3.152e-03 8.607e-04 7.817e-03 -1.000 1.776e-02 0 5.150 6.072 5.943 5.252 4.465 3.983 3.646 3.603 3.588 3.613 3.600 3.578 3.569 3.565 3.564
 1.0000 0.017740   79 4.25528992e+08    1.000 -0.136  3.7529  4.538    1  0.000  0.537     0.00     0.00 -1 -7.36e-14      0.00 7.049e-01 2.774e-01 3.127e-03 8.539e-04 7.756e-03 -1.000 1.767e-02 1 5.111 6.018 5.896 5.211 4.428 3.950 3.615 3.572 3.557 3.582 3.570 3.548 3.539 3.535 3.533
 1.0000 0.017740   80 7.38431104e+08    1.000 -0.127  3.7537  4.531    1  0.000  0.537     0.00     0.00 -1 -7.59e-14      0.00 7.072e-01 2.752e-01 3.104e-03 8.478e-04 7.702e-03 -1.000 1.755e-02 1 5.087 5.984 5.867 5.185 4.406 3.929 3.596 3.554 3.539 3.563 3.551 3.529 3.520 3.516 3.515
 1.0000 0.017740   81 1.04976378e+09    1.000 -0.117  3.7544  4.525    1  0.000  0.537     0.00     0.00 -1 -7.81e-14      0.00 7.096e-01 2.731e-01 3.082e-03 8.418e-04 7.648e-03 -1.000 1.738e-02 1 5.063 5.952 5.839 5.160 4.383 3.908 3.577 3.535 3.521 3.545 3.532 3.511 3.502 3.498 3.497
 1.0000 0.017740   82 1.35960192e+09    1.000 -0.108  3.7551  4.518    1  0.000  0.537     0.00     0.00 -1 -8.05e-14      0.00 7.119e-01 2.709e-01 3.060e-03 8.359e-04 7.594e-03 -1.000 1.723e-02 1 5.040 5.920 5.810 5.135 4.361 3.888 3.559 3.517 3.502 3.526 3.514 3.493 3.484 3.480 3.479
 1.0000 0.017740   83 1.66781990e+09    1.000 -0.099  3.7558  4.512    1  0.000  0.537     0.00     0.00 -1 -8.28e-14      0.00 7.141e-01 2.688e-01 3.039e-03 8.300e-04 7.542e-03 -1.000 1.712e-02 1 5.016 5.887 5.782 5.110 4.339 3.868 3.540 3.498 3.484 3.507 3.495 3.474 3.466 3.461 3.460
 1.0000 0.017740   84 1.97400704e+09    1.000 -0.089  3.7565  4.505    1  0.000  0.537     0.00     0.00 -1 -8.53e-14      0.00 7.163e-01 2.666e-01 3.017e-03 8.243e-04 7.490e-03 -1.000 1.701e-02 1 4.993 5.855 5.754 5.085 4.317 3.847 3.521 3.480 3.465 3.488 3.477 3.456 3.447 3.443 3.442
 1.0000 0.017740   85 2.27822669e+09    1.000 -0.079  3.7572  4.498    1  0.000  0.537     0.00     0.00 -1 -8.79e-14      0.00 7.186e-01 2.646e-01 2.996e-03 8.186e-04 7.439e-03 -1.000 1.688e-02 1 4.969 5.823 5.726 5.060 4.294 3.826 3.502 3.461 3.446 3.469 3.457 3.437 3.428 3.424 3.423
 1.0000 0.017740   86 2.56856269e+09    1.000 -0.070  3.7578  4.491    1  0.000  0.537     0.00     0.00 -1 -9.05e-14      0.00 7.207e-01 2.626e-01 2.976e-03 8.131e-04 7.390e-03 -1.000 1.676e-02 1 4.945 5.792 5.698 5.035 4.272 3.806 3.483 3.442 3.428 3.450 3.439 3.418 3.410 3.405 3.404
 1.0000 0.017740   87 2.86912896e+09    1.000 -0.060  3.7585  4.484    1  0.000  0.537     0.00     0.00 -1 -9.34e-14      0.00 7.228e-01 2.605e-01 2.955e-03 8.076e-04 7.340e-03 -1.000 1.671e-02 1 4.921 5.759 5.669 5.009 4.249 3.784 3.463 3.422 3.408 3.430 3.419 3.399 3.390 3.386 3.384
 1.0000 0.017740   88 3.16748160e+09    1.000 -0.050  3.7591  4.477    1  0.000  0.537     0.00     0.00 -1 -9.63e-14      0.00 7.250e-01 2.585e-01 2.935e-03 8.021e-04 7.291e-03 -1.000 1.656e-02 1 4.896 5.727 5.640 4.983 4.225 3.762 3.442 3.402 3.388 3.409 3.398 3.378 3.370 3.366 3.364
 1.0000 0.017740   89 3.46392499e+09    1.000 -0.040  3.7597  4.469    1  0.000  0.537     0.00     0.00 -1 -9.95e-14      0.00 7.271e-01 2.565e-01 2.915e-03 7.967e-04 7.242e-03 -1.000 1.645e-02 1 4.871 5.694 5.611 4.956 4.201 3.739 3.421 3.381 3.367 3.388 3.377 3.358 3.349 3.345 3.344
 1.0000 0.017740   90 3.75884800e+09    1.000 -0.030  3.7603  4.461    1  0.000  0.537     0.00     0.00 -1 -1.03e-13      0.00 7.291e-01 2.545e-01 2.895e-03 7.913e-04 7.194e-03 -1.000 1.636e-02 1 4.845 5.661 5.581 4.929 4.176 3.716 3.399 3.359 3.346 3.367 3.356 3.337 3.328 3.324 3.322
 1.0000 0.017740   91 4.05231206e+09    1.000 -0.019  3.7609  4.453    1  0.000  0.536     0.00     0.00 -1 -1.06e-13      0.00 7.312e-01 2.526e-01 2.875e-03 7.860e-04 7.146e-03 -1.000 1.627e-02 1 4.819 5.628 5.551 4.902 4.151 3.693 3.377 3.337 3.324 3.345 3.334 3.315 3.306 3.302 3.300
 1.0000 0.017740   92 4.34405581e+09    0.999 -0.009  3.7614  4.444    1  0.000  0.536     0.00     0.00 -1  -1.1e-13      0.00 7.332e-01 2.506e-01 2.856e-03 7.809e-04 7.100e-03 -1.000 1.615e-02 1 4.792 5.595 5.521 4.874 4.126 3.669 3.354 3.315 3.301 3.322 3.311 3.292 3.284 3.279 3.278
 1.0000 0.017740   93 4.63435264e+09    0.999  0.002  3.7620  4.436    1  0.000  0.536     0.00     0.00 -1 -1.14e-13      0.00 7.352e-01 2.487e-01 2.837e-03 7.757e-04 7.053e-03 -1.000 1.603e-02 1 4.765 5.562 5.490 4.846 4.100 3.644 3.331 3.291 3.278 3.298 3.288 3.269 3.261 3.256 3.255
 1.0000 0.017740   94 4.92369050e+09    0.999  0.013  3.7625  4.427    1  0.000  0.536     0.00     0.00 -1 -1.18e-13      0.00 7.372e-01 2.469e-01 2.818e-03 7.706e-04 7.008e-03 -1.000 1.593e-02 1 4.738 5.528 5.460 4.817 4.073 3.619 3.307 3.268 3.254 3.274 3.264 3.245 3.237 3.232 3.231
 1.0000 0.017740   95 5.22400102e+09    0.999  0.025  3.7629  4.417    1  0.000  0.536     0.00     0.00 -1 -1.23e-13      0.00 7.392e-01 2.449e-01 2.799e-03 7.654e-04 6.960e-03 -1.000 1.583e-02 1 4.709 5.493 5.427 4.787 4.045 3.592 3.281 3.242 3.229 3.248 3.238 3.220 3.211 3.207 3.206
 1.0000 0.017740   96 5.51271578e+09    0.999  0.036  3.7634  4.407    1  0.000  0.536     0.00     0.00 -1 -1.27e-13      0.00 7.412e-01 2.431e-01 2.781e-03 7.604e-04 6.916e-03 -1.000 1.574e-02 1 4.680 5.459 5.395 4.757 4.017 3.565 3.255 3.216 3.203 3.222 3.212 3.194 3.186 3.181 3.180
 1.0000 0.017740   97 5.80330752e+09    0.999  0.048  3.7638  4.397    1  0.000  0.536     0.00     0.00 -1 -1.32e-13      0.00 7.431e-01 2.413e-01 2.762e-03 7.556e-04 6.872e-03 -1.000 1.562e-02 1 4.650 5.425 5.363 4.727 3.988 3.537 3.228 3.189 3.176 3.196 3.185 3.167 3.159 3.154 3.153
 1.0000 0.017740   98 6.36757299e+09    0.999  0.072  3.7644  4.375    1  0.000  0.536     0.00     0.00 -1 -1.43e-13      0.00 7.467e-01 2.378e-01 2.728e-03 7.462e-04 6.788e-03 -1.000 1.542e-02 1 4.590 5.356 5.298 4.665 3.929 3.480 3.173 3.134 3.121 3.140 3.130 3.112 3.104 3.099 3.098
 1.0000 0.017740   99 6.65890867e+09    0.999  0.085  3.7647  4.363    1  0.000  0.536     0.00     0.00 -1  -1.5e-13      0.00 7.485e-01 2.361e-01 2.710e-03 7.415e-04 6.746e-03 -1.000 1.536e-02 1 4.557 5.321 5.264 4.632 3.897 3.448 3.142 3.103 3.091 3.109 3.099 3.082 3.073 3.069 3.067
 1.0000 0.017740  100 7.20874445e+09    0.999  0.110  3.7650  4.339    1  0.000  0.536     0.00     0.00 -1 -1.63e-13      0.00 7.519e-01 2.329e-01 2.678e-03 7.330e-04 6.669e-03 -1.000 1.518e-02 1 4.495 5.254 5.198 4.568 3.835 3.387 3.081 3.043 3.030 3.048 3.038 3.021 3.012 3.008 3.007
 1.0000 0.017740  101 7.76350106e+09    0.999  0.135  3.7647  4.313    1  0.000  0.535     0.00     0.00 -1 -1.78e-13      0.00 7.551e-01 2.299e-01 2.649e-03 7.250e-04 6.598e-03 -1.000 1.502e-02 1 4.432 5.194 5.136 4.506 3.771 3.323 3.017 2.978 2.965 2.984 2.974 2.956 2.948 2.943 2.942
 1.0000 0.017740  102 8.29208883e+09    0.999  0.162  3.7642  4.284    1  0.000  0.535     0.00     0.00 -1 -1.95e-13      0.00 7.576e-01 2.275e-01 2.625e-03 7.185e-04 6.539e-03 -1.000 1.489e-02 1 4.365 5.134 5.073 4.440 3.704 3.254 2.947 2.908 2.895 2.913 2.903 2.885 2.877 2.872 2.871
 1.0000 0.017740  103 8.72848691e+09    0.999  0.188  3.7638  4.257    1  0.000  0.535     0.00     0.00 -1 -2.14e-13      0.00 7.578e-01 2.273e-01 2.624e-03 7.183e-04 6.538e-03 -1.000 1.487e-02 1 4.301 5.074 5.011 4.376 3.639 3.188 2.880 2.841 2.827 2.846 2.836 2.818 2.809 2.805 2.804
 1.0000 0.017740  104 8.79289344e+09    0.999  0.192  3.7637  4.253    1  0.000  0.535     0.00     0.00 -1 -2.17e-13      0.00 7.578e-01 2.273e-01 2.624e-03 7.184e-04 6.539e-03 -1.000 1.487e-02 1 4.291 5.065 5.001 4.367 3.629 3.178 2.870 2.830 2.817 2.836 2.826 2.808 2.799 2.795 2.793
 1.0000 0.017740  105 9.22578637e+09    0.999  0.220  3.7627  4.220    1  0.000  0.535     0.00     0.00 -1  -2.4e-13      0.00 7.572e-01 2.278e-01 2.631e-03 7.202e-04 6.555e-03 -1.000 1.497e-02 1 4.220 5.006 4.936 4.298 3.556 3.102 2.792 2.753 2.739 2.758 2.748 2.729 2.721 2.716 2.715
 1.0000 0.017740  106 9.52253338e+09    0.999  0.241  3.7615  4.194    1  0.000  0.535     0.00     0.00 -1  -2.6e-13      0.00 7.565e-01 2.285e-01 2.640e-03 7.227e-04 6.578e-03 -1.000 1.500e-02 1 4.168 4.967 4.891 4.247 3.502 3.045 2.732 2.691 2.677 2.697 2.687 2.667 2.659 2.654 2.653
 1.0000 0.017740  107 9.84892006e+09    0.999  0.265  3.7595  4.162    1  0.000  0.535     0.00     0.00 -1 -2.85e-13      0.00 7.550e-01 2.299e-01 2.657e-03 7.275e-04 6.621e-03 -1.000 1.506e-02 1 4.106 4.929 4.842 4.190 3.437 2.974 2.657 2.616 2.602 2.623 2.612 2.591 2.583 2.578 2.577
 1.0000 0.017740  108 1.01186089e+10    0.998  0.287  3.7573  4.132    1  0.000  0.535     0.00     0.00 -1 -3.11e-13      0.00 7.533e-01 2.316e-01 2.677e-03 7.331e-04 6.672e-03 -1.000 1.511e-02 1 4.054 4.902 4.803 4.142 3.380 2.912 2.589 2.548 2.532 2.555 2.543 2.522 2.513 2.509 2.508
 1.0000 0.017740  109 1.03935990e+10    0.998  0.309  3.7529  4.092    2  0.000  0.535     0.00     0.00 -1 -3.42e-13      0.00 7.477e-01 2.368e-01 2.737e-03 7.492e-04 6.820e-03 -1.000 1.552e-02 2 3.998 4.897 4.776 4.095 3.316 2.837 2.505 2.461 2.445 2.469 2.457 2.434 2.425 2.421 2.419
 1.0000 0.017740  110 1.06371400e+10    0.998  0.327  3.7470  4.050    2  0.000  0.535     0.00     0.00 -1 -3.74e-13      0.00 7.418e-01 2.424e-01 2.796e-03 7.654e-04 6.966e-03 -1.000 1.584e-02 2 3.953 4.927 4.771 4.064 3.261 2.766 2.420 2.374 2.356 2.384 2.370 2.344 2.335 2.331 2.330
 1.0000 0.017740  111 1.08771799e+10    0.998  0.340  3.7372  3.998    2  0.000  0.536     0.00     0.00 -1  -4.1e-13      0.00 7.338e-01 2.499e-01 2.872e-03 7.859e-04 7.149e-03 -1.000 1.627e-02 2 3.919 5.020 4.807 4.055 3.213 2.691 2.321 2.270 2.250 2.284 2.268 2.237 2.228 2.224 2.223
 1.0000 0.017740  112 1.10028452e+10    0.998  0.342  3.7280  3.959    2  0.000  0.536     0.00     0.00 -1 -4.31e-13      0.00 7.284e-01 2.551e-01 2.921e-03 7.991e-04 7.268e-03 -1.000 1.654e-02 2 3.916 5.153 4.874 4.080 3.199 2.651 2.256 2.202 2.179 2.218 2.201 2.165 2.156 2.151 2.152
 1.0000 0.017740  113 1.10807890e+10    0.998  0.340  3.7198  3.929    2  0.000  0.536     0.00     0.00 -1 -4.45e-13      0.00 7.245e-01 2.587e-01 2.955e-03 8.081e-04 7.348e-03 -1.000 1.672e-02 2 3.920 5.280 4.942 4.112 3.196 2.624 2.207 2.149 2.125 2.167 2.148 2.109 2.100 2.095 2.097
 1.0000 0.017740  114 1.11472323e+10    0.998  0.342  3.7114  3.893    2  0.000  0.536     0.00     0.00 -1 -4.65e-13      0.00 7.212e-01 2.620e-01 2.984e-03 8.158e-04 7.416e-03 -1.000 1.684e-02 2 3.916 5.407 5.006 4.139 3.185 2.588 2.148 2.086 2.059 2.106 2.085 2.043 2.033 2.029 2.031
 1.0000 0.017740  115 1.12114831e+10    0.998  0.355  3.7035  3.848    2  0.000  0.537     0.00     0.00 -1 -5.04e-13      0.00 7.178e-01 2.651e-01 3.010e-03 8.227e-04 7.478e-03 -1.000 1.703e-02 2 3.881 5.498 5.038 4.138 3.147 2.525 2.062 1.996 1.967 2.017 1.995 1.950 1.940 999.999 999.999
 1.0000 0.017740  116 1.12726006e+10    0.998  0.383  3.6972  3.795    2  0.000  0.537     0.00     0.00 -1  -5.7e-13      0.00 7.146e-01 2.683e-01 3.032e-03 8.287e-04 7.531e-03 -1.000 1.713e-02 2 3.813 5.531 5.024 4.096 3.076 2.434 1.952 1.883 1.852 1.906 1.883 1.834 1.824 999.999 999.999
 1.0000 0.017740  117 1.13052416e+10    0.998  0.401  3.6942  3.764    2  0.000  0.537     0.00     0.00 -1 -6.16e-13      0.00 7.128e-01 2.700e-01 3.044e-03 8.317e-04 7.558e-03 -1.000 1.717e-02 2 3.766 5.533 5.005 4.064 3.029 2.378 1.887 1.816 1.784 1.839 1.815 1.766 1.757 999.999 999.999
 1.0000 0.017740  118 1.13323141e+10    0.998  0.424  3.6925  3.735    2  0.000  0.537     0.00     0.00 -1 -6.71e-13      0.00 7.113e-01 2.715e-01 3.051e-03 8.339e-04 7.577e-03 -1.000 1.721e-02 2 3.709 5.503 4.963 4.016 2.972 2.315 1.819 1.747 1.715 1.771 1.747 1.696 1.689 999.999 999.999
 1.0000 0.017740  119 1.13775944e+10    0.998  0.466  3.6900  3.683    3  0.000  0.537     0.00     0.00 -1 -7.82e-13      0.00 7.085e-01 2.743e-01 3.061e-03 8.376e-04 7.606e-03 -1.000 1.727e-02 3 3.605 5.439 4.882 3.924 2.868 2.203 1.699 1.626 1.592 1.650 1.625 1.574 1.568 999.999 999.999
 1.0000 0.017740  120 1.14248940e+10    0.998  0.516  3.6880  3.624    3  0.000  0.535     0.00     0.00 -1  -9.4e-13      0.00 7.052e-01 2.775e-01 3.060e-03 8.445e-04 7.632e-03 -1.000 1.732e-02 3 3.479 5.346 4.776 3.808 2.743 2.071 1.561 1.486 1.452 1.511 1.485 1.433 1.430 999.999 999.999
 1.0000 0.017740  121 1.14631598e+10    0.998  0.562  3.6866  3.573    3  0.000  0.530     0.00     0.00 -1 -1.11e-12      0.00 7.021e-01 2.805e-01 3.038e-03 8.624e-04 7.651e-03 -1.000 1.737e-02 3 3.365 5.253 4.675 3.701 2.629 1.952 1.439 1.363 1.328 1.388 1.362 1.309 1.309 999.999 999.999
 1.0000 0.017740  122 1.14952346e+10    0.998  0.604  3.6855  3.528    3  0.000  0.521     0.00     0.00 -1 -1.29e-12      0.00 6.995e-01 2.831e-01 2.996e-03 9.020e-04 7.664e-03 -1.000 1.740e-02 3 3.261 5.165 4.580 3.601 2.525 1.845 1.329 1.252 1.216 1.277 1.251 1.197 1.199 999.999 999.999
 1.0000 0.017740  123 1.15258644e+10    0.998  0.647  3.6845  3.480    3  0.000  0.510     0.00     0.00 -1  -1.5e-12      0.00 6.970e-01 2.856e-01 2.936e-03 9.697e-04 7.675e-03 -1.000 1.744e-02 3 3.153 5.074 4.483 3.498 2.417 1.734 1.215 1.138 1.101 1.162 1.136 1.081 1.086 999.999 999.999
 1.0000 0.017740  124 1.15545948e+10    0.998  0.690  3.6836  3.433    3  0.000  0.498     0.00     0.00 -1 -1.75e-12      0.00 6.946e-01 2.879e-01 2.868e-03 1.053e-03 7.684e-03 -1.000 1.751e-02 3 3.044 4.984 4.383 3.393 2.308 1.621 1.100 1.022 0.985 1.047 1.020 0.965 0.971 999.999 999.999
 1.0000 0.017740  125 1.15814451e+10    0.998  0.735  3.6825  3.384    3  0.000  0.487     0.00     0.00 -1 -2.05e-12      0.00 6.925e-01 2.900e-01 2.810e-03 1.127e-03 7.691e-03 -1.000 1.754e-02 3 2.933 4.892 4.283 3.287 2.197 1.507 0.983 0.904 0.867 0.930 0.903 0.847 0.854 999.999 999.999
 1.0000 0.017740  126 1.16044595e+10    0.998  0.776  3.6815  3.339    3  0.000  0.480     0.00     0.00 -1 -2.38e-12      0.00 6.909e-01 2.915e-01 2.771e-03 1.178e-03 7.695e-03 -1.000 1.756e-02 3 2.830 4.808 4.191 3.190 2.095 1.401 0.875 0.795 0.757 0.820 0.793 0.736 0.746 999.999 999.999
 1.0000 0.017740  127 1.16280678e+10    0.998  0.821  3.6803  3.289    3  0.000  0.474     0.00     0.00 -1  -2.8e-12      0.00 6.895e-01 2.930e-01 2.737e-03 1.222e-03 7.700e-03 -1.000 1.756e-02 3 2.717 4.716 4.090 3.083 1.982 1.284 0.754 0.673 0.634 0.699 0.672 0.614 0.626 999.999 999.999
 1.0000 0.017740  128 1.16482550e+10    0.997  0.864  3.6791  3.242    3  0.000  0.470     0.00     0.00 -1 -3.25e-12      0.00 6.885e-01 2.939e-01 2.716e-03 1.249e-03 7.702e-03 -1.000 1.758e-02 3 2.611 4.632 3.998 2.984 1.876 1.174 0.642 0.559 0.520 0.585 0.557 0.499 0.514 999.999 999.999
 1.0000 0.017740  129 1.16669420e+10    0.997  0.906  3.6778  3.194    3  0.000  0.467     0.00     0.00 -1 -3.79e-12      0.00 6.876e-01 2.948e-01 2.698e-03 1.272e-03 7.705e-03 -1.000 1.756e-02 3 2.505 4.550 3.906 2.885 1.771 1.064 0.528 0.444 0.404 0.471 0.443 0.384 0.402 999.999 999.999
 1.0000 0.017740  130 1.16833925e+10    0.997  0.947  3.6765  3.148    3  0.000  0.465     0.00     0.00 -1 -4.39e-12      0.00 6.870e-01 2.954e-01 2.686e-03 1.288e-03 7.706e-03 -1.000 1.758e-02 3 2.403 4.472 3.818 2.791 1.671 0.959 0.420 0.334 0.294 0.361 0.333 0.273 0.294 999.999 999.999
 1.0000 0.017740  131 1.16987658e+10    0.997  0.988  3.6750  3.101    3  0.000  0.463     0.00     0.00 -1 -5.09e-12      0.00 6.866e-01 2.958e-01 2.679e-03 1.298e-03 7.707e-03 -1.000 1.757e-02 3 2.301 4.394 3.731 2.696 1.569 0.852 0.309 0.222 0.181 0.249 0.221 0.160 0.184 999.999 999.999
 1.0000 0.017740  132 1.17131735e+10    0.997  1.029  3.6735  3.054    3  0.000  0.463     0.00     0.00 -1 -5.91e-12      0.00 6.863e-01 2.961e-01 2.673e-03 1.305e-03 7.708e-03 -1.000 1.758e-02 3 2.197 4.318 3.643 2.602 1.466 0.744 0.197 0.108 0.066 0.136 0.107 0.045 0.074 999.999 999.999
 1.0000 0.017740  133 1.17265684e+10    0.997  1.071  3.6719  3.006    3  0.000  0.462     0.00     0.00 -1 -6.88e-12      0.00 6.862e-01 2.963e-01 2.670e-03 1.309e-03 7.708e-03 -1.000 1.758e-02 3 2.093 4.242 3.556 2.506 1.363 0.635 0.084 -0.007 -0.049 0.021 -0.008 -0.070 -0.038 999.999 999.999
 1.0000 0.017740  134 1.17382830e+10    0.997  1.110  3.6703  2.959    3  0.000  0.462     0.00     0.00 -1 -7.95e-12      0.00 6.861e-01 2.963e-01 2.669e-03 1.310e-03 7.709e-03 -1.000 1.757e-02 3 1.994 4.173 3.475 2.416 1.265 0.531 -0.025 -0.116 -0.160 -0.088 -0.118 -0.181 -0.145 999.999 999.999
 1.0000 0.017740  135 1.17491589e+10    0.997  1.150  3.6686  2.913    3  0.000  0.462     0.00     0.00 -1 -9.18e-12      0.00 6.861e-01 2.963e-01 2.669e-03 1.310e-03 7.709e-03 -1.000 1.756e-02 3 1.895 4.106 3.394 2.327 1.167 0.427 -0.133 -0.226 -0.271 -0.198 -0.228 -0.292 -0.252 999.999 999.999
 1.0000 0.017740  136 1.17621637e+10    0.997  1.202  3.6664  2.852    3  0.000  0.462     0.00     0.00 -1 -1.11e-11      0.00 6.861e-01 2.963e-01 2.669e-03 1.310e-03 7.709e-03 -1.000 1.756e-02 3 1.766 4.021 3.290 2.212 1.039 0.292 -0.274 -0.370 -0.416 -0.341 -0.372 -0.437 -0.391 999.999 999.999
 1.0000 0.017740  137 1.17712435e+10    0.997  1.241  3.6646  2.807    3  0.000  0.462     0.00     0.00 -1 -1.28e-11      0.00 6.861e-01 2.963e-01 2.669e-03 1.310e-03 7.709e-03 -1.000 1.756e-02 3 1.669 3.958 3.213 2.126 0.944 0.190 -0.381 -0.478 -0.525 -0.449 -0.480 -0.547 -0.496 999.999 999.999
 1.0000 0.017740  138 1.17821174e+10    0.996  1.291  3.6623  2.746    3  0.000  0.462     0.00     0.00 -1 -1.54e-11      0.00 6.861e-01 2.963e-01 2.669e-03 1.310e-03 7.709e-03 -1.000 1.756e-02 3 1.542 3.878 3.113 2.014 0.819 0.057 -0.520 -0.621 -0.668 -0.590 -0.623 -0.691 -0.632 999.999 999.999
 1.0000 0.017740  139 1.17920246e+10    0.996  1.341  3.6598  2.687    3  0.000  0.462     0.00     0.00 -1 -1.85e-11      0.00 6.861e-01 2.963e-01 2.669e-03 1.310e-03 7.709e-03 -1.000 1.756e-02 3 1.417 3.802 3.017 1.905 0.696 -0.075 -0.658 -0.761 -0.810 -0.730 -0.764 -0.833 -0.767 999.999 999.999
 1.0000 0.017740  140 1.18012436e+10    0.996  1.390  3.6574  2.628    3  0.000  0.462     0.00     0.00 -1 -2.22e-11      0.00 6.861e-01 2.963e-01 2.669e-03 1.310e-03 7.709e-03 -1.000 1.756e-02 3 1.295 3.728 2.923 1.798 0.576 -0.204 -0.793 -0.899 -0.949 -0.868 -0.902 -0.972 -0.899 999.999 999.999
 1.0000 0.017740  141 1.18106911e+10    0.996  1.438  3.6549  2.570    3  0.000  0.462     0.00     0.00 -1 -2.64e-11      0.00 6.861e-01 2.963e-01 2.669e-03 1.310e-03 7.709e-03 -1.000 1.756e-02 3 1.175 3.658 2.831 1.694 0.459 -0.330 -0.926 -1.035 -1.086 -1.003 -1.038 -1.110 -1.029 999.999 999.999
 1.0000 0.017740  142 1.18199327e+10    0.996  1.467  3.6535  2.536    3  0.000  0.462     0.00     0.00 -1 -2.96e-11      0.00 6.861e-01 2.963e-01 2.669e-03 1.310e-03 7.709e-03 -1.000 1.756e-02 3 1.104 3.615 2.777 1.631 0.388 -0.406 -1.005 -1.116 -1.167 -1.083 -1.118 -1.191 -1.106 999.999 999.999
 1.0000 0.017740  143 1.18259896e+10    0.995  1.446  3.6550  2.562    3  0.000  0.462     0.00     0.00 -1 -2.77e-11      0.00 6.861e-01 2.963e-01 2.669e-03 1.310e-03 7.709e-03 -1.000 1.756e-02 3 1.154 3.638 2.811 1.672 0.438 -0.351 -0.946 -1.056 -1.107 -1.024 -1.058 -1.130 -1.050 999.999 999.999
 1.0000 0.017740  144 1.18310728e+10    0.995  1.406  3.6575  2.612    3  0.000  0.462     0.00     0.00 -1 -2.39e-11      0.00 6.861e-01 2.963e-01 2.669e-03 1.310e-03 7.709e-03 -1.000 1.756e-02 3 1.255 3.689 2.882 1.757 0.536 -0.243 -0.832 -0.938 -0.988 -0.907 -0.940 -1.011 -0.938 999.999 999.999
 1.0000 0.017740  145 1.18324705e+10    0.995  1.395  3.6582  2.625    3  0.000  0.462     0.00     0.00 -1 -2.29e-11      0.00 6.861e-01 2.963e-01 2.669e-03 1.310e-03 7.709e-03 -1.000 1.756e-02 3 1.281 3.702 2.901 1.779 0.562 -0.215 -0.802 -0.908 -0.957 -0.876 -0.910 -0.980 -0.909 999.999 999.999
 1.0000 0.017740  146 1.18338591e+10    0.995  1.405  3.6577  2.614    3  0.000  0.462     0.00     0.00 -1 -2.35e-11      0.00 6.861e-01 2.963e-01 2.669e-03 1.310e-03 7.709e-03 -1.000 1.756e-02 3 1.259 3.689 2.884 1.759 0.539 -0.240 -0.828 -0.934 -0.984 -0.902 -0.936 -1.007 -0.934 999.999 999.999
 1.0000 0.017740  147 1.18408182e+10    0.995  1.453  3.6551  2.556    3  0.000  0.462     0.00     0.00 -1 -2.78e-11      0.00 6.861e-01 2.963e-01 2.669e-03 1.310e-03 7.709e-03 -1.000 1.756e-02 3 1.138 3.620 2.793 1.655 0.421 -0.367 -0.962 -1.071 -1.122 -1.039 -1.073 -1.145 -1.065 999.999 999.999
 1.0000 0.017740  148 1.18480026e+10    0.995  1.503  3.6524  2.495    3  0.000  0.462     0.00     0.00 -1 -3.35e-11      0.00 6.861e-01 2.963e-01 2.669e-03 1.310e-03 7.709e-03 -1.000 1.756e-02 3 1.013 3.554 2.703 1.550 0.300 -0.499 -1.101 -1.213 -1.266 -1.181 -1.216 -1.290 -1.201 999.999 999.999
 1.0000 0.017740  149 1.18544609e+10    0.995  1.551  3.6497  2.436    3  0.000  0.462     0.00     0.00 -1 -4.01e-11      0.00 6.861e-01 2.963e-01 2.669e-03 1.310e-03 7.709e-03 -1.000 1.756e-02 3 0.893 3.499 2.619 1.452 0.184 -0.625 -1.234 -1.350 -1.405 -1.317 -1.354 -1.428 -1.332 999.999 999.999
 1.0000 0.017740  150 1.18604524e+10    0.994  1.599  3.6469  2.376    3  0.000  0.462     0.00     0.00 -1 -4.79e-11      0.00 6.861e-01 2.963e-01 2.669e-03 1.310e-03 7.709e-03 -1.000 1.756e-02 3 0.773 3.445 2.536 1.353 0.067 -0.752 -1.368 -1.488 -1.544 -1.455 -1.493 -1.568 -1.463 999.999 999.999
 1.0000 0.017740  151 1.18659768e+10    0.994  1.647  3.6441  2.317    3  0.000  0.462     0.00     0.00 -1 -5.73e-11      0.00 6.861e-01 2.963e-01 2.669e-03 1.310e-03 7.709e-03 -1.000 1.756e-02 3 0.653 3.393 2.453 1.255 -0.049 -0.880 -1.503 -1.626 -1.684 -1.592 -1.632 -1.707 -1.595 999.999 999.999
 1.0000 0.017740  152 1.18709340e+10    0.994  1.694  3.6413  2.258    3  0.000  0.462     0.00     0.00 -1 -6.83e-11      0.00 6.861e-01 2.963e-01 2.669e-03 1.310e-03 7.709e-03 -1.000 1.756e-02 3 0.535 3.345 2.374 1.160 -0.163 -1.004 -1.634 -1.762 -1.821 -1.728 -1.768 -1.844 -1.724 999.999 999.999
 1.0000 0.017740  153 1.18754918e+10    0.993  1.741  3.6384  2.200    3  0.000  0.462     0.00     0.00 -1 -8.16e-11      0.00 6.861e-01 2.963e-01 2.669e-03 1.310e-03 7.709e-03 -1.000 1.756e-02 3 0.417 3.301 2.296 1.066 -0.276 -1.129 -1.766 -1.898 -1.959 -1.863 -1.905 -1.982 -1.855 999.999 999.999
 1.0000 0.017740  154 1.18795930e+10    0.993  1.787  3.6355  2.142    3  0.000  0.462     0.00     0.00 -1  -9.7e-11      0.00 6.861e-01 2.963e-01 2.669e-03 1.310e-03 7.709e-03 -1.000 1.756e-02 3 0.301 3.261 2.222 0.975 -0.388 -1.252 -1.896 -2.033 -2.095 -1.997 -2.040 -2.118 -1.984 999.999 999.999
 1.0000 0.017740  155 1.18834033e+10    0.993  1.834  3.6325  2.083    3  0.000  0.462     0.00     0.00 -1 -1.16e-10      0.00 6.861e-01 2.963e-01 2.669e-03 1.310e-03 7.709e-03 -1.000 1.756e-02 3 0.184 3.224 2.148 0.884 -0.500 -1.376 -2.028 -2.169 -2.233 -2.133 -2.177 -2.256 -2.114 999.999 999.999
 1.0000 0.017740  156 1.18867753e+10    0.992  1.879  3.6296  2.026    3  0.000  0.462     0.00     0.00 -1 -1.37e-10      0.00 6.861e-01 2.963e-01 2.669e-03 1.310e-03 7.709e-03 -1.000 1.756e-02 3 0.072 3.191 2.078 0.798 -0.608 -1.495 -2.154 -2.300 -2.365 -2.264 -2.308 -2.388 -2.240 999.999 999.999
 1.0000 0.017740  157 1.18899364e+10    0.992  1.925  3.6266  1.968    3  0.000  0.462     0.00     0.00 -1 -1.63e-10      0.00 6.861e-01 2.963e-01 2.669e-03 1.310e-03 7.709e-03 -1.000 1.756e-02 3 -0.043 3.162 2.009 0.710 -0.717 -1.616 -2.282 -2.434 -2.500 -2.397 -2.443 -2.523 -2.368 999.999 999.999
 1.0000 0.017740  158 1.18927770e+10    0.991  1.970  3.6236  1.911    3  0.000  0.462     0.00     0.00 -1 -1.93e-10      0.00 6.861e-01 2.963e-01 2.669e-03 1.310e-03 7.709e-03 -1.000 1.756e-02 3 -0.155 3.139 1.944 0.628 -0.824 -1.735 -2.409 -2.566 -2.634 -2.529 -2.576 -2.657 -2.498 999.999 999.999
 1.0000 0.017740  159 1.18953738e+10    0.991  2.015  3.6206  1.853    3  0.000  0.462     0.00     0.00 -1 -2.29e-10      0.00 6.861e-01 2.963e-01 2.669e-03 1.310e-03 7.709e-03 -1.000 1.756e-02 3 -0.267 3.118 1.882 0.548 -0.931 -1.854 -2.536 -2.697 -2.767 -2.660 -2.709 -2.789 -2.627 999.999 999.999
 1.0000 0.017740  160 1.18977423e+10    0.990  2.059  3.6175  1.796    3  0.000  0.462     0.00     0.00 -1  -2.7e-10      0.00 6.861e-01 2.963e-01 2.669e-03 1.310e-03 7.709e-03 -1.000 1.756e-02 3 -0.378 3.101 1.821 0.469 -1.036 -1.972 -2.661 -2.828 -2.900 -2.790 -2.841 -2.922 -2.757 999.999 999.999
 1.0000 0.017740  161 1.18999112e+10    0.989  2.103  3.6144  1.740    3  0.000  0.462     0.00     0.00 -1  -3.2e-10      0.00 6.861e-01 2.963e-01 2.669e-03 1.310e-03 7.709e-03 -1.000 1.756e-02 3 -0.488 3.086 1.761 0.390 -1.141 -2.090 -2.786 -2.958 -3.032 -2.920 -2.973 -3.053 -2.885 999.999 999.999
 1.0000 0.017740  162 1.19018650e+10    0.989  2.146  3.6113  1.684    3  0.000  0.462     0.00     0.00 -1 -3.77e-10      0.00 6.861e-01 2.963e-01 2.669e-03 1.310e-03 7.709e-03 -1.000 1.756e-02 3 -0.596 3.074 1.706 0.317 -1.242 -2.205 -2.909 -3.086 -3.162 -3.048 -3.103 -3.182 -3.012 999.999 999.999
 1.0000 0.017740  163 1.19037041e+10    0.988  2.190  3.6081  1.627    3  0.000  0.462     0.00     0.00 -1 -4.45e-10      0.00 6.861e-01 2.963e-01 2.669e-03 1.310e-03 7.709e-03 -1.000 1.756e-02 3 -0.706 3.056 1.650 0.246 -1.346 -2.322 -3.035 -3.216 -3.294 -3.178 -3.235 -3.314 -3.146 999.999 999.999
 1.0000 0.017740  164 1.19053292e+10    0.987  2.232  3.6050  1.572    3  0.000  0.462     0.00     0.00 -1 -5.22e-10      0.00 6.861e-01 2.963e-01 2.669e-03 1.310e-03 7.709e-03 -1.000 1.756e-02 3 -0.810 3.043 1.600 0.180 -1.444 -2.433 -3.155 -3.341 -3.421 -3.302 -3.362 -3.441 -3.274 999.999 999.999
 1.0000 0.017740  165 1.19068559e+10    0.986  2.275  3.6018  1.517    3  0.000  0.462     0.00     0.00 -1 -6.15e-10      0.00 6.861e-01 2.963e-01 2.669e-03 1.310e-03 7.709e-03 -1.000 1.756e-02 3 -0.917 3.033 1.550 0.113 -1.543 -2.547 -3.277 -3.469 -3.551 -3.429 -3.491 -3.570 -3.404 999.999 999.999
 1.0000 0.017740  166 1.19082527e+10    0.985  2.317  3.5986  1.461    3  0.000  0.462     0.00     0.00 -1 -7.22e-10      0.00 6.861e-01 2.963e-01 2.669e-03 1.310e-03 7.709e-03 -1.000 1.756e-02 3 -1.022 3.028 1.502 0.048 -1.641 -2.659 -3.397 -3.595 -3.678 -3.554 -3.619 -3.697 -3.533 999.999 999.999
 1.0000 0.017740  167 1.19095050e+10    0.984  2.357  3.5954  1.408    3  0.000  0.462     0.00     0.00 -1 -8.43e-10      0.00 6.861e-01 2.963e-01 2.669e-03 1.310e-03 7.709e-03 -1.000 1.756e-02 3 -1.123 3.023 1.463 -0.004 -1.735 -2.768 -3.514 -3.717 -3.803 -3.676 -3.744 -3.822 -3.660 999.999 999.999
 1.0000 0.017740  168 1.19106857e+10    0.983  2.398  3.5921  1.353    3  0.000  0.462     0.00     0.00 -1 -9.88e-10      0.00 6.861e-01 2.963e-01 2.669e-03 1.310e-03 7.709e-03 -1.000 1.756e-02 3 -1.226 3.017 1.425 -0.056 -1.830 -2.879 -3.634 -3.842 -3.930 -3.800 -3.871 -3.949 -3.790 999.999 999.999
 1.0000 0.017740  169 1.19117824e+10    0.982  2.439  3.5888  1.298    3  0.000  0.462     0.00     0.00 -1 -1.16e-09      0.00 6.861e-01 2.963e-01 2.669e-03 1.310e-03 7.709e-03 -1.000 1.756e-02 3 -1.328 3.012 1.388 -0.107 -1.925 -2.989 -3.753 -3.967 -4.057 -3.924 -3.998 -4.075 -3.920 999.999 999.999
 1.0000 0.017740  170 1.19127572e+10    0.981  2.478  3.5855  1.245    3  0.000  0.462     0.00     0.00 -1 -1.35e-09      0.00 6.861e-01 2.963e-01 2.669e-03 1.310e-03 7.709e-03 -1.000 1.756e-02 3 -1.426 3.013 1.355 -0.154 -2.014 -3.095 -3.867 -4.087 -4.178 -4.043 -4.120 -4.197 -4.046 999.999 999.999
 1.0000 0.017740  171 1.19136809e+10    0.979  2.518  3.5821  1.191    3  0.000  0.462     0.00     0.00 -1 -1.57e-09      0.00 6.861e-01 2.963e-01 2.669e-03 1.310e-03 7.709e-03 -1.000 1.756e-02 3 -1.525 3.009 1.328 -0.192 -2.104 -3.203 -3.984 -4.209 -4.303 -4.164 -4.245 -4.322 -4.174 999.999 999.999
 1.0000 0.017740  172 1.19145216e+10    0.978  2.557  3.5788  1.138    3  0.000  0.462     0.00     0.00 -1 -1.83e-09      0.00 6.861e-01 2.963e-01 2.669e-03 1.310e-03 7.709e-03 -1.000 1.756e-02 3 -1.623 3.002 1.305 -0.222 -2.192 -3.310 -4.098 -4.329 -4.425 -4.283 -4.368 -4.444 -4.300 999.999 999.999
 1.0000 0.017740  173 1.19152773e+10    0.976  2.595  3.5754  1.087    3  0.000  0.462     0.00     0.00 -1 -2.12e-09      0.00 6.861e-01 2.963e-01 2.669e-03 1.310e-03 7.709e-03 -1.000 1.756e-02 3 -1.716 2.998 1.286 -0.248 -2.276 -3.412 -4.208 -4.445 -4.543 -4.398 -4.487 -4.562 -4.422 999.999 999.999
 1.0000 0.017740  174 1.19159951e+10    0.975  2.632  3.5719  1.034    3  0.000  0.462     0.00     0.00 -1 -2.46e-09      0.00 6.861e-01 2.963e-01 2.669e-03 1.310e-03 7.709e-03 -1.000 1.756e-02 3 -1.811 2.997 1.269 -0.274 -2.360 -3.515 -4.320 -4.562 -4.663 -4.514 -4.608 -4.683 -4.546 999.999 999.999
 1.0000 0.017740  175 1.19166638e+10    0.973  2.670  3.5684  0.982    3  0.000  0.462     0.00     0.00 -1 -2.85e-09      0.00 6.861e-01 2.963e-01 2.669e-03 1.310e-03 7.709e-03 -1.000 1.756e-02 3 -1.905 2.995 1.261 -0.287 -2.443 -3.620 -4.432 -4.680 -4.784 -4.632 -4.729 -4.804 -4.671 999.999 999.999
 1.0000 0.017740  176 1.19174226e+10    0.970  2.716  3.5641  0.917    3  0.000  0.462     0.00     0.00 -1 -3.41e-09      0.00 6.861e-01 2.963e-01 2.669e-03 1.310e-03 7.709e-03 -1.000 1.756e-02 3 -2.019 2.993 1.268 -0.280 -2.539 -3.747 -4.568 -4.823 -4.930 -4.775 -4.877 -4.952 -4.823 999.999 999.999
 1.0000 0.017740  177 1.19181046e+10    0.968  2.760  3.5597  0.855    3  0.000  0.462     0.00     0.00 -1 -4.06e-09      0.00 6.861e-01 2.963e-01 2.669e-03 1.310e-03 7.709e-03 -1.000 1.756e-02 3 -2.130 2.994 1.278 -0.270 -2.632 -3.870 -4.700 -4.962 -5.073 -4.914 -5.021 -5.096 -4.971 999.999 999.999
 1.0000 0.017740  178 1.19187343e+10    0.965  2.804  3.5554  0.792    3  0.000  0.462     0.00     0.00 -1 -4.84e-09      0.00 6.861e-01 2.963e-01 2.669e-03 1.310e-03 7.709e-03 -1.000 1.756e-02 3 -2.239 2.995 1.294 -0.253 -2.722 -3.992 -4.831 -5.101 -5.214 -5.053 -5.164 -5.240 -5.119 999.999 999.999
 1.0000 0.017740  179 1.19193108e+10    0.962  2.846  3.5510  0.731    3  0.000  0.462     0.00     0.00 -1 -5.74e-09      0.00 6.861e-01 2.963e-01 2.669e-03 1.310e-03 7.709e-03 -1.000 1.756e-02 3 -2.346 2.991 1.339 -0.194 -2.799 -4.114 -4.959 -5.237 -5.354 -5.189 -5.305 -5.381 -5.265 999.999 999.999
 1.0000 0.017740  180 1.19198433e+10    0.959  2.888  3.5465  0.669    3  0.000  0.462     0.00     0.00 -1 -6.81e-09      0.00 6.861e-01 2.963e-01 2.669e-03 1.310e-03 7.709e-03 -1.000 1.756e-02 3 -2.451 2.991 1.389 -0.131 -2.874 -4.234 -5.086 -5.372 -5.493 -5.324 -5.445 -5.522 -5.410 999.999 999.999
 1.0000 0.017740  181 1.19203328e+10    0.955  2.930  3.5421  0.608    3  0.000  0.462     0.00     0.00 -1 -8.05e-09      0.00 6.861e-01 2.963e-01 2.669e-03 1.310e-03 7.709e-03 -1.000 1.756e-02 3 -2.555 2.992 1.440 -0.066 -2.948 -4.351 -5.211 -5.505 -5.629 -5.457 -5.583 -5.660 -5.553 999.999 999.999
 1.0000 0.017740  182 1.19207895e+10    0.951  2.971  3.5376  0.547    3  0.000  0.462     0.00     0.00 -1 -9.52e-09      0.00 6.861e-01 2.963e-01 2.669e-03 1.310e-03 7.709e-03 -1.000 1.756e-02 3 -2.657 2.989 1.530 0.047 -2.998 -4.469 -5.334 -5.637 -5.765 -5.589 -5.721 -5.798 -5.696 999.999 999.999
 1.0000 0.017740  183 1.19212104e+10    0.946  3.011  3.5330  0.487    3  0.000  0.462     0.00     0.00 -1 -1.12e-08      0.00 6.861e-01 2.963e-01 2.669e-03 1.310e-03 7.709e-03 -1.000 1.756e-02 3 -2.758 2.991 1.627 0.168 -3.046 -4.585 -5.455 -5.767 -5.899 -5.721 -5.856 -5.935 -5.837 999.999 999.999
 1.0000 0.017740  184 1.19215954e+10    0.942  3.050  3.5285  0.428    3  0.000  0.462     0.00     0.00 -1 -1.32e-08      0.00 6.861e-01 2.963e-01 2.669e-03 1.310e-03 7.709e-03 -1.000 1.756e-02 3 -2.855 2.996 1.731 0.296 -3.091 -4.697 -5.573 -5.894 -6.029 -5.850 -5.990 -6.070 -5.976 999.999 999.999
 1.0000 0.017740  185 1.19219640e+10    0.936  3.089  3.5239  0.368    3  0.000  0.462     0.00     0.00 -1 -1.55e-08      0.00 6.861e-01 2.963e-01 2.669e-03 1.310e-03 7.709e-03 -1.000 1.756e-02 3 -2.953 2.996 1.864 0.465 -3.109 -4.812 -5.691 -6.021 -6.161 -5.980 -6.123 -6.205 -6.115 999.999 999.999
 1.0000 0.017740  186 1.19222958e+10    0.931  3.126  3.5194  0.310    3  0.000  0.462     0.00     0.00 -1 -1.81e-08      0.00 6.861e-01 2.963e-01 2.669e-03 1.310e-03 7.709e-03 -1.000 1.756e-02 3 -3.046 3.000 2.008 0.647 -3.119 -4.921 -5.804 -6.143 -6.287 -6.105 -6.251 -6.335 -6.249 999.999 999.999
 1.0000 0.017740  187 1.19225999e+10    0.925  3.163  3.5148  0.253    3  0.000  0.462     0.00     0.00 -1 -2.11e-08      0.00 6.861e-01 2.963e-01 2.669e-03 1.310e-03 7.709e-03 -1.000 1.756e-02 3 -3.136 3.008 2.160 0.837 -3.124 -5.027 -5.914 -6.262 -6.411 -6.227 -6.376 -6.462 -6.381 999.999 999.999
 1.0000 0.017740  188 1.19228948e+10    0.918  3.199  3.5102  0.194    3  0.000  0.462     0.00     0.00 -1 -2.46e-08      0.00 6.861e-01 2.963e-01 2.669e-03 1.310e-03 7.709e-03 -1.000 1.756e-02 3 -3.228 3.010 2.313 1.036 -3.113 -5.133 -6.024 -6.381 -6.534 -6.348 -6.499 -6.588 -6.513 999.999 999.999
 1.0000 0.017740  189 1.19231642e+10    0.911  3.234  3.5056  0.137    3  0.000  0.462     0.00     0.00 -1 -2.86e-08      0.00 6.861e-01 2.963e-01 2.669e-03 1.310e-03 7.709e-03 -1.000 1.756e-02 3 -3.315 3.014 2.473 1.245 -3.092 -5.235 -6.130 -6.496 -6.654 -6.465 -6.619 -6.710 -6.641 999.999 999.999
 1.0000 0.017740  190 1.19234212e+10    0.903  3.269  3.5009  0.080    3  0.000  0.462     0.00     0.00 -1 -3.33e-08      0.00 6.861e-01 2.963e-01 2.669e-03 1.310e-03 7.709e-03 -1.000 1.756e-02 3 -3.403 3.021 2.644 1.465 -3.066 -5.338 -6.237 -6.612 -6.775 -6.583 -6.740 -6.834 -6.770 999.999 999.999
 1.0000 0.017740  191 1.19236639e+10    0.894  3.304  3.4963  0.023    3  0.000  0.462     0.00     0.00 -1 -3.87e-08      0.00 6.861e-01 2.963e-01 2.669e-03 1.310e-03 7.709e-03 -1.000 1.756e-02 3 -3.490 3.020 2.767 1.611 -3.051 -5.439 -6.341 -6.723 -6.891 -6.696 -6.853 -6.952 -6.895 999.999 999.999
 1.0000 0.017740  192 1.19238892e+10    0.884  3.337  3.4918 -0.033    3  0.000  0.462     0.00     0.00 -1 -4.48e-08      0.00 6.861e-01 2.963e-01 2.669e-03 1.310e-03 7.709e-03 -1.000 1.756e-02 3 -3.572 3.018 2.882 1.742 -3.037 -5.536 -6.442 -6.830 -7.004 -6.808 -6.964 -7.068 -7.018 999.999 999.999
 1.0000 0.017740  193 1.19241052e+10    0.874  3.369  3.4873 -0.089    3  0.000  0.462     0.00     0.00 -1 -5.18e-08      0.00 6.861e-01 2.963e-01 2.669e-03 1.310e-03 7.709e-03 -1.000 1.756e-02 3 -3.654 3.018 3.001 1.877 -3.019 -5.633 -6.541 -6.936 -7.116 -6.920 -7.076 -7.185 -7.141 999.999 999.999
 1.0000 0.017740  194 1.19243592e+10    0.860  3.406  3.4821 -0.154    3  0.000  0.462     0.00     0.00 -1 -6.12e-08      0.00 6.861e-01 2.963e-01 2.669e-03 1.310e-03 7.709e-03 -1.000 1.756e-02 3 -3.746 3.012 3.091 1.955 -3.023 -5.742 -6.652 -7.052 -7.241 -7.046 -7.199 -7.316 -7.281 999.999 999.999
 1.0000 0.017740  195 1.19962952e+10    0.859  1.651  3.6634  2.327    4  0.000  0.470     0.00     0.00 -1    -1e-30      0.00 6.872e-01 2.952e-01 2.713e-03 1.254e-03 7.702e-03 -1.000 1.756e-02 4 0.644 3.031 2.225 1.100 -0.084 -0.844 -1.409 -1.512 -1.562 -1.478 -1.510 -1.584 -1.528 999.999 999.999
 1.0000 0.017740  196 1.19996826e+10    0.859  1.659  3.6629  2.317    4  0.000  0.470     0.00     0.00 -1    -1e-30      0.00 6.872e-01 2.952e-01 2.713e-03 1.254e-03 7.702e-03 -1.000 1.756e-02 4 0.623 3.022 2.211 1.083 -0.104 -0.866 -1.433 -1.536 -1.587 -1.502 -1.534 -1.609 -1.551 999.999 999.999
 1.0000 0.017740  197 1.20028549e+10    0.859  1.662  3.6628  2.313    4  0.000  0.470     0.00     0.00 -1    -1e-30      0.00 6.872e-01 2.952e-01 2.713e-03 1.254e-03 7.702e-03 -1.000 1.756e-02 4 0.615 3.017 2.204 1.076 -0.112 -0.875 -1.441 -1.545 -1.596 -1.510 -1.543 -1.618 -1.559 999.999 999.999
 1.0000 0.017740  198 1.20060826e+10    0.859  1.661  3.6631  2.315    4  0.000  0.470     0.00     0.00 -1    -1e-30      0.00 6.872e-01 2.952e-01 2.713e-03 1.254e-03 7.702e-03 -1.000 1.756e-02 4 0.617 3.013 2.203 1.076 -0.110 -0.872 -1.438 -1.540 -1.591 -1.506 -1.539 -1.613 -1.555 999.999 999.999
 1.0000 0.017740  199 1.20092672e+10    0.859  1.658  3.6636  2.320    4  0.000  0.470     0.00     0.00 -1    -1e-30      0.00 6.872e-01 2.952e-01 2.713e-03 1.254e-03 7.702e-03 -1.000 1.756e-02 4 0.624 3.010 2.204 1.079 -0.104 -0.864 -1.428 -1.531 -1.581 -1.496 -1.529 -1.603 -1.547 999.999 999.999
 1.0000 0.017740  200 1.20125778e+10    0.859  1.655  3.6642  2.326    4  0.000  0.470     0.00     0.00 -1    -1e-30      0.00 6.872e-01 2.952e-01 2.713e-03 1.254e-03 7.702e-03 -1.000 1.756e-02 4 0.633 3.008 2.206 1.084 -0.096 -0.853 -1.416 -1.518 -1.568 -1.484 -1.516 -1.590 -1.536 999.999 999.999
 1.0000 0.017740  201 1.20158577e+10    0.859  1.651  3.6648  2.332    4  0.000  0.470     0.00     0.00 -1    -1e-30      0.00 6.872e-01 2.952e-01 2.713e-03 1.254e-03 7.702e-03 -1.000 1.756e-02 4 0.641 3.005 2.208 1.089 -0.088 -0.843 -1.405 -1.506 -1.556 -1.472 -1.504 -1.578 -1.525 999.999 999.999
 1.0000 0.017740  202 1.20191242e+10    0.859  1.648  3.6653  2.338    4  0.000  0.470     0.00     0.00 -1    -1e-30      0.00 6.872e-01 2.952e-01 2.713e-03 1.254e-03 7.702e-03 -1.000 1.756e-02 4 0.650 3.003 2.210 1.094 -0.080 -0.833 -1.393 -1.493 -1.543 -1.459 -1.491 -1.565 -1.514 999.999 999.999
 1.0000 0.017740  203 1.20222925e+10    0.859  1.645  3.6659  2.343    4  0.000  0.470     0.00     0.00 -1    -1e-30      0.00 6.872e-01 2.952e-01 2.713e-03 1.254e-03 7.702e-03 -1.000 1.756e-02 4 0.658 3.001 2.212 1.098 -0.072 -0.823 -1.382 -1.481 -1.531 -1.448 -1.479 -1.553 -1.503 999.999 999.999
 1.0000 0.017740  204 1.20255263e+10    0.859  1.642  3.6664  2.348    4  0.000  0.470     0.00     0.00 -1    -1e-30      0.00 6.872e-01 2.952e-01 2.713e-03 1.254e-03 7.702e-03 -1.000 1.756e-02 4 0.666 2.998 2.214 1.102 -0.065 -0.814 -1.371 -1.470 -1.520 -1.436 -1.468 -1.541 -1.493 999.999 999.999
 1.0000 0.017740  205 1.20289669e+10    0.859  1.639  3.6670  2.353    4  0.000  0.470     0.00     0.00 -1    -1e-30      0.00 6.872e-01 2.952e-01 2.713e-03 1.254e-03 7.702e-03 -1.000 1.756e-02 4 0.673 2.995 2.215 1.105 -0.059 -0.806 -1.361 -1.459 -1.509 -1.426 -1.457 -1.530 -1.484 999.999 999.999
 1.0000 0.017740  206 1.20323891e+10    0.859  1.636  3.6674  2.358    4  0.000  0.470     0.00     0.00 -1    -1e-30      0.00 6.872e-01 2.952e-01 2.713e-03 1.254e-03 7.702e-03 -1.000 1.756e-02 4 0.679 2.993 2.216 1.109 -0.053 -0.798 -1.352 -1.450 -1.499 -1.417 -1.448 -1.521 -1.476 999.999 999.999
 1.0000 0.017740  207 1.20357949e+10    0.859  1.634  3.6679  2.362    4  0.000  0.470     0.00     0.00 -1    -1e-30      0.00 6.872e-01 2.952e-01 2.713e-03 1.254e-03 7.702e-03 -1.000 1.756e-02 4 0.685 2.990 2.217 1.111 -0.048 -0.792 -1.345 -1.442 -1.491 -1.409 -1.440 -1.512 -1.469 999.999 999.999
 1.0000 0.017740  208 1.20391373e+10    0.859  1.632  3.6682  2.365    4  0.000  0.470     0.00     0.00 -1    -1e-30      0.00 6.872e-01 2.952e-01 2.713e-03 1.254e-03 7.702e-03 -1.000 1.756e-02 4 0.689 2.988 2.217 1.114 -0.044 -0.786 -1.338 -1.435 -1.484 -1.402 -1.433 -1.505 -1.463 999.999 999.999
 1.0000 0.017740  209 1.20402371e+10    0.859  1.632  3.6683  2.366    4  0.000  0.470     0.00     0.00 -1    -1e-30      0.00 6.872e-01 2.952e-01 2.713e-03 1.254e-03 7.702e-03 -1.000 1.756e-02 4 0.691 2.987 2.218 1.114 -0.042 -0.784 -1.336 -1.433 -1.482 -1.400 -1.431 -1.503 -1.461 999.999 999.999
 1.0000 0.017740  210 1.20423793e+10    0.859  1.631  3.6685  2.368    4  0.000  0.470     0.00     0.00 -1    -1e-30      0.00 6.872e-01 2.952e-01 2.713e-03 1.254e-03 7.702e-03 -1.000 1.756e-02 4 0.693 2.986 2.218 1.116 -0.040 -0.781 -1.332 -1.429 -1.478 -1.396 -1.427 -1.499 -1.457 999.999 999.999
 1.0000 0.017740  211 1.20454861e+10    0.859  1.630  3.6688  2.370    4  0.000  0.470     0.00     0.00 -1    -1e-30      0.00 6.872e-01 2.952e-01 2.713e-03 1.254e-03 7.702e-03 -1.000 1.756e-02 4 0.696 2.984 2.218 1.117 -0.037 -0.778 -1.328 -1.424 -1.473 -1.391 -1.422 -1.494 -1.453 999.999 999.999
 1.0000 0.017740  212 1.20485908e+10    0.859  1.629  3.6690  2.372    4  0.000  0.470     0.00     0.00 -1    -1e-30      0.00 6.872e-01 2.952e-01 2.713e-03 1.254e-03 7.702e-03 -1.000 1.756e-02 4 0.698 2.983 2.218 1.118 -0.035 -0.775 -1.324 -1.421 -1.469 -1.387 -1.418 -1.490 -1.449 999.999 999.999
 1.0000 0.017740  213 1.20519854e+10    0.859  1.628  3.6692  2.373    4  0.000  0.470     0.00     0.00 -1    -1e-30      0.00 6.872e-01 2.952e-01 2.713e-03 1.254e-03 7.702e-03 -1.000 1.756e-02 4 0.700 2.981 2.218 1.118 -0.034 -0.773 -1.322 -1.418 -1.466 -1.385 -1.415 -1.488 -1.447 999.999 999.999
 1.0000 0.017740  214 1.20553472e+10    0.859  1.628  3.6693  2.374    4  0.000  0.470     0.00     0.00 -1    -1e-30      0.00 6.872e-01 2.952e-01 2.713e-03 1.254e-03 7.702e-03 -1.000 1.756e-02 4 0.700 2.979 2.217 1.118 -0.034 -0.772 -1.321 -1.417 -1.465 -1.384 -1.414 -1.486 -1.446 999.999 999.999
 1.0000 0.017740  215 1.20585380e+10    0.859  1.628  3.6694  2.373    4  0.000  0.470     0.00     0.00 -1    -1e-30      0.00 6.872e-01 2.952e-01 2.713e-03 1.254e-03 7.702e-03 -1.000 1.756e-02 4 0.699 2.977 2.215 1.117 -0.034 -0.773 -1.321 -1.417 -1.466 -1.384 -1.415 -1.487 -1.447 999.999 999.999
 1.0000 0.017740  216 1.20616233e+10    0.859  1.629  3.6694  2.373    4  0.000  0.470     0.00     0.00 -1    -1e-30      0.00 6.872e-01 2.952e-01 2.713e-03 1.254e-03 7.702e-03 -1.000 1.756e-02 4 0.697 2.976 2.213 1.115 -0.036 -0.775 -1.323 -1.419 -1.467 -1.386 -1.417 -1.489 -1.449 999.999 999.999
 1.0000 0.017740  217 1.20637788e+10    0.859  1.630  3.6693  2.372    4  0.000  0.470     0.00     0.00 -1    -1e-30      0.00 6.872e-01 2.952e-01 2.713e-03 1.254e-03 7.702e-03 -1.000 1.756e-02 4 0.695 2.974 2.212 1.113 -0.038 -0.777 -1.325 -1.421 -1.470 -1.388 -1.419 -1.491 -1.451 999.999 999.999
 1.0000 0.017740  218 1.20647404e+10    0.859  1.630  3.6693  2.371    4  0.000  0.470     0.00     0.00 -1    -1e-30      0.00 6.872e-01 2.952e-01 2.713e-03 1.254e-03 7.702e-03 -1.000 1.756e-02 4 0.694 2.974 2.211 1.112 -0.039 -0.778 -1.327 -1.423 -1.471 -1.390 -1.420 -1.492 -1.452 999.999 999.999
 1.0000 0.017740  219 1.20682189e+10    0.859  1.632  3.6692  2.368    4  0.000  0.470     0.00     0.00 -1    -1e-30      0.00 6.872e-01 2.952e-01 2.713e-03 1.254e-03 7.702e-03 -1.000 1.756e-02 4 0.689 2.972 2.208 1.108 -0.044 -0.784 -1.333 -1.429 -1.477 -1.396 -1.426 -1.499 -1.458 999.999 999.999
 1.0000 0.017740  220 1.20714916e+10    0.859  1.635  3.6689  2.365    4  0.000  0.470     0.00     0.00 -1    -1e-30      0.00 6.872e-01 2.952e-01 2.713e-03 1.254e-03 7.702e-03 -1.000 1.756e-02 4 0.682 2.970 2.203 1.102 -0.051 -0.791 -1.341 -1.437 -1.486 -1.404 -1.435 -1.507 -1.466 999.999 999.999
 1.0000 0.017740  221 1.20747069e+10    0.859  1.638  3.6686  2.360    4  0.000  0.470     0.00     0.00 -1    -1e-30      0.00 6.872e-01 2.952e-01 2.713e-03 1.254e-03 7.702e-03 -1.000 1.756e-02 4 0.674 2.967 2.198 1.096 -0.059 -0.800 -1.351 -1.448 -1.496 -1.414 -1.445 -1.518 -1.476 999.999 999.999
 1.0000 0.017740  222 1.20779551e+10    0.859  1.643  3.6682  2.355    4  0.000  0.470     0.00     0.00 -1    -1e-30      0.00 6.872e-01 2.952e-01 2.713e-03 1.254e-03 7.702e-03 -1.000 1.756e-02 4 0.664 2.964 2.192 1.088 -0.069 -0.812 -1.363 -1.461 -1.510 -1.427 -1.458 -1.531 -1.488 999.999 999.999
 1.0000 0.017740  223 1.20811909e+10    0.859  1.648  3.6677  2.348    4  0.000  0.470     0.00     0.00 -1    -1e-30      0.00 6.872e-01 2.952e-01 2.713e-03 1.254e-03 7.702e-03 -1.000 1.756e-02 4 0.651 2.961 2.185 1.078 -0.082 -0.826 -1.379 -1.477 -1.526 -1.443 -1.474 -1.547 -1.503 999.999 999.999
 1.0000 0.017740  224 1.20844268e+10    0.859  1.653  3.6672  2.340    4  0.000  0.470     0.00     0.00 -1    -1e-30      0.00 6.872e-01 2.952e-01 2.713e-03 1.254e-03 7.702e-03 -1.000 1.756e-02 4 0.637 2.958 2.178 1.068 -0.095 -0.841 -1.396 -1.494 -1.543 -1.460 -1.492 -1.565 -1.519 999.999 999.999
 1.0000 0.017740  225 1.20877015e+10    0.859  1.660  3.6665  2.331    4  0.000  0.470     0.00     0.00 -1    -1e-30      0.00 6.872e-01 2.952e-01 2.713e-03 1.254e-03 7.702e-03 -1.000 1.756e-02 4 0.621 2.955 2.169 1.056 -0.111 -0.859 -1.416 -1.515 -1.564 -1.481 -1.512 -1.586 -1.538 999.999 999.999
 1.0000 0.017740  226 1.20909476e+10    0.859  1.666  3.6659  2.322    4  0.000  0.470     0.00     0.00 -1    -1e-30      0.00 6.872e-01 2.952e-01 2.713e-03 1.254e-03 7.702e-03 -1.000 1.756e-02 4 0.605 2.951 2.160 1.044 -0.126 -0.877 -1.435 -1.534 -1.584 -1.500 -1.532 -1.606 -1.556 999.999 999.999
 1.0000 0.017740  227 1.20943442e+10    0.859  1.670  3.6656  2.317    4  0.000  0.470     0.00     0.00 -1    -1e-30      0.00 6.872e-01 2.952e-01 2.713e-03 1.254e-03 7.702e-03 -1.000 1.756e-02 4 0.595 2.949 2.155 1.037 -0.135 -0.887 -1.446 -1.546 -1.596 -1.512 -1.544 -1.618 -1.568 999.999 999.999
 1.0000 0.017740  228 1.20978483e+10    0.859  1.692  3.6634  2.286    4  0.000  0.470     0.00     0.00 -1    -1e-30      0.00 6.872e-01 2.952e-01 2.713e-03 1.254e-03 7.702e-03 -1.000 1.756e-02 4 0.539 2.936 2.123 0.995 -0.189 -0.949 -1.514 -1.617 -1.667 -1.582 -1.614 -1.690 -1.632 999.999 999.999
 1.0000 0.017740  229 1.21010924e+10    0.859  1.729  3.6599  2.234    4  0.000  0.470     0.00     0.00 -1    -1e-30      0.00 6.872e-01 2.952e-01 2.713e-03 1.254e-03 7.702e-03 -1.000 1.756e-02 4 0.447 2.915 2.072 0.926 -0.278 -1.052 -1.625 -1.732 -1.785 -1.697 -1.731 -1.807 -1.740 999.999 999.999
 1.0000 0.017740  230 1.21029018e+10    0.859  1.767  3.6562  2.182    4  0.000  0.470     0.00     0.00 -1    -1e-30      0.00 6.872e-01 2.952e-01 2.713e-03 1.254e-03 7.702e-03 -1.000 1.756e-02 4 0.351 2.893 2.019 0.854 -0.370 -1.157 -1.740 -1.851 -1.905 -1.815 -1.850 -1.929 -1.850 999.999 999.999
 1.0000 0.017740  231 1.21038397e+10    0.859  1.804  3.6528  2.131    4  0.000  0.470     0.00     0.00 -1    -1e-30      0.00 6.872e-01 2.952e-01 2.713e-03 1.254e-03 7.702e-03 -1.000 1.756e-02 4 0.260 2.876 1.969 0.787 -0.458 -1.258 -1.850 -1.966 -2.022 -1.929 -1.965 -2.045 -1.956 999.999 999.999
 1.0000 0.017740  232 1.21043845e+10    0.859  1.843  3.6491  2.078    4  0.000  0.470     0.00     0.00 -1    -1e-30      0.00 6.872e-01 2.952e-01 2.713e-03 1.254e-03 7.702e-03 -1.000 1.756e-02 4 0.162 2.863 1.919 0.718 -0.550 -1.363 -1.965 -2.086 -2.143 -2.049 -2.086 -2.167 -2.068 999.999 999.999
 1.0000 0.017740  233 1.21046866e+10    0.859  1.884  3.6454  2.022    4  0.000  0.470     0.00     0.00 -1    -1e-30      0.00 6.872e-01 2.952e-01 2.713e-03 1.254e-03 7.702e-03 -1.000 1.756e-02 4 0.061 2.850 1.868 0.647 -0.646 -1.474 -2.085 -2.211 -2.271 -2.173 -2.212 -2.294 -2.184 999.999 999.999
 1.0000 0.017740  234 1.21048453e+10    0.859  1.921  3.6419  1.971    4  0.000  0.470     0.00     0.00 -1    -1e-30      0.00 6.872e-01 2.952e-01 2.713e-03 1.254e-03 7.702e-03 -1.000 1.756e-02 4 -0.033 2.841 1.820 0.580 -0.735 -1.577 -2.197 -2.328 -2.389 -2.290 -2.330 -2.412 -2.293 999.999 999.999
 1.0000 0.017740  235 1.21049416e+10    0.859  1.958  3.6385  1.920    4  0.000  0.470     0.00     0.00 -1    -1e-30      0.00 6.872e-01 2.952e-01 2.713e-03 1.254e-03 7.702e-03 -1.000 1.756e-02 4 -0.126 2.836 1.775 0.516 -0.823 -1.678 -2.307 -2.443 -2.506 -2.404 -2.445 -2.528 -2.401 999.999 999.999
 1.0000 0.017740  236 1.21050051e+10    0.859  1.996  3.6352  1.869    4  0.000  0.470     0.00     0.00 -1    -1e-30      0.00 6.872e-01 2.952e-01 2.713e-03 1.254e-03 7.702e-03 -1.000 1.756e-02 4 -0.219 2.836 1.731 0.454 -0.910 -1.778 -2.415 -2.557 -2.622 -2.518 -2.560 -2.644 -2.509 999.999 999.999
 1.0000 0.017740  237 1.21050388e+10    0.859  2.019  3.6331  1.838    4  0.000  0.470     0.00     0.00 -1    -1e-30      0.00 6.872e-01 2.952e-01 2.713e-03 1.254e-03 7.702e-03 -1.000 1.756e-02 4 -0.276 2.835 1.704 0.415 -0.964 -1.840 -2.483 -2.628 -2.693 -2.588 -2.632 -2.716 -2.576 999.999 999.999
 1.0000 0.017740  238 1.21050399e+10    0.859  2.019  3.6331  1.837    7  0.000  0.470     0.00     0.00 -1    -1e-30      0.00 6.872e-01 2.952e-01 2.713e-03 1.254e-03 7.702e-03 -1.000 1.756e-02 7 -0.278 2.835 1.703 0.414 -0.966 -1.842 -2.485 -2.630 -2.696 -2.590 -2.634 -2.718 -2.578 999.999 999.999
 1.0000 0.017740  239 1.21050604e+10    0.859  2.036  3.6316  1.815    7  0.000  0.470     0.00     0.00 -1    -1e-30      0.00 6.872e-01 2.952e-01 2.713e-03 1.254e-03 7.702e-03 -1.000 1.756e-02 7 -0.319 2.835 1.684 0.386 -1.005 -1.887 -2.533 -2.680 -2.747 -2.641 -2.685 -2.769 -2.626 999.999 999.999
 1.0000 0.017740  240 1.21051075e+10    0.859  2.076  3.6281  1.761    7  0.000  0.470     0.00     0.00 -1    -1e-30      0.00 6.872e-01 2.952e-01 2.713e-03 1.254e-03 7.702e-03 -1.000 1.756e-02 7 -0.419 2.836 1.637 0.318 -1.099 -1.995 -2.649 -2.803 -2.871 -2.763 -2.809 -2.893 -2.742 999.999 999.999
 1.0000 0.017740  241 1.21051525e+10    0.859  2.112  3.6248  1.711    7  0.000  0.470     0.00     0.00 -1    -1e-30      0.00 6.872e-01 2.952e-01 2.713e-03 1.254e-03 7.702e-03 -1.000 1.756e-02 7 -0.510 2.838 1.595 0.258 -1.185 -2.093 -2.756 -2.915 -2.985 -2.875 -2.922 -3.007 -2.850 999.999 999.999
 1.0000 0.017740  242 1.21051965e+10    0.859  2.144  3.6220  1.669    7  0.000  0.470     0.00     0.00 -1    -1e-30      0.00 6.872e-01 2.952e-01 2.713e-03 1.254e-03 7.702e-03 -1.000 1.756e-02 7 -0.589 2.841 1.561 0.208 -1.258 -2.178 -2.848 -3.012 -3.084 -2.972 -3.020 -3.105 -2.945 999.999 999.999
 1.0000 0.017740  243 1.21052447e+10    0.859  2.159  3.6207  1.648    7  0.000  0.470     0.00     0.00 -1    -1e-30      0.00 6.872e-01 2.952e-01 2.713e-03 1.254e-03 7.702e-03 -1.000 1.756e-02 7 -0.628 2.842 1.544 0.184 -1.294 -2.220 -2.893 -3.058 -3.131 -3.018 -3.068 -3.152 -2.991 999.999 999.999
 1.0000 0.017740  244 1.21053737e+10    0.859  2.137  3.6227  1.678    7  0.000  0.470     0.00     0.00 -1    -1e-30      0.00 6.872e-01 2.952e-01 2.713e-03 1.254e-03 7.702e-03 -1.000 1.756e-02 7 -0.573 2.838 1.566 0.217 -1.243 -2.160 -2.828 -2.991 -3.062 -2.950 -2.999 -3.084 -2.924 999.999 999.999
 1.0000 0.017740  245 1.21054372e+10    0.859  2.121  3.6242  1.700    7  0.000  0.470     0.00     0.00 -1    -1e-30      0.00 6.872e-01 2.952e-01 2.713e-03 1.254e-03 7.702e-03 -1.000 1.756e-02 7 -0.531 2.836 1.584 0.243 -1.204 -2.116 -2.780 -2.940 -3.011 -2.900 -2.947 -3.032 -2.875 999.999 999.999
 1.0000 0.017740  246 1.21055939e+10    0.859  2.088  3.6270  1.744    7  0.000  0.470     0.00     0.00 -1 -1.02e-30      0.00 6.872e-01 2.952e-01 2.713e-03 1.254e-03 7.702e-03 -1.000 1.756e-02 7 -0.451 2.834 1.620 0.295 -1.129 -2.029 -2.686 -2.841 -2.910 -2.801 -2.847 -2.932 -2.779 999.999 999.999
 1.0000 0.017740  247 1.21059082e+10    0.859  2.081  3.6277  1.754    7  0.000  0.470     0.00     0.00 -1  -1.6e-28      0.00 6.872e-01 2.951e-01 2.713e-03 1.254e-03 7.702e-03 -1.000 1.770e-02 7 -0.433 2.834 1.628 0.308 -1.112 -2.010 -2.665 -2.819 -2.888 -2.780 -2.825 -2.910 -2.758 999.999 999.999
 1.0000 0.017740  248 1.21082214e+10    0.858  2.091  3.6267  1.740    7  0.000  0.470     0.00     0.00 -1 -7.54e-12      0.00 6.872e-01 2.940e-01 2.713e-03 1.254e-03 7.702e-03 -1.000 1.873e-02 7 -0.457 2.837 1.619 0.293 -1.134 -2.035 -2.693 -2.849 -2.918 -2.809 -2.855 -2.940 -2.786 999.999 999.999
 1.0000 0.017740  249 1.21098271e+10    0.857  2.129  3.6232  1.687    7  0.000  0.470     0.00     0.00 -1 -1.08e-09      0.00 6.872e-01 2.939e-01 2.713e-03 1.254e-03 7.702e-03 -1.000 1.886e-02 7 -0.553 2.842 1.578 0.232 -1.224 -2.139 -2.806 -2.967 -3.039 -2.927 -2.975 -3.060 -2.901 999.999 999.999
 1.0000 0.017740  250 1.21111951e+10    0.855  2.172  3.6194  1.628    7  0.000  0.470     0.00     0.00 -1 -1.36e-09      0.00 6.872e-01 2.939e-01 2.713e-03 1.254e-03 7.702e-03 -1.000 1.886e-02 7 -0.660 2.849 1.532 0.165 -1.324 -2.255 -2.932 -3.099 -3.173 -3.059 -3.109 -3.194 -3.031 999.999 999.999
 1.0000 0.017740  251 1.21123430e+10    0.853  2.215  3.6156  1.569    7  0.000  0.470     0.00     0.00 -1 -1.69e-09      0.00 6.872e-01 2.939e-01 2.713e-03 1.254e-03 7.702e-03 -1.000 1.886e-02 7 -0.767 2.856 1.487 0.098 -1.424 -2.370 -3.056 -3.230 -3.306 -3.190 -3.242 -3.326 -3.160 999.999 999.999
 1.0000 0.017740  252 1.21133220e+10    0.851  2.257  3.6118  1.510    7  0.000  0.470     0.00     0.00 -1 -2.11e-09      0.00 6.872e-01 2.939e-01 2.713e-03 1.254e-03 7.702e-03 -1.000 1.886e-02 7 -0.873 2.865 1.443 0.031 -1.523 -2.485 -3.181 -3.361 -3.439 -3.320 -3.375 -3.458 -3.289 999.999 999.999
 1.0000 0.017740  253 1.21141494e+10    0.850  2.299  3.6081  1.452    7  0.000  0.470     0.00     0.00 -1 -2.63e-09      0.00 6.872e-01 2.939e-01 2.713e-03 1.254e-03 7.702e-03 -1.000 1.886e-02 7 -0.978 2.874 1.405 -0.026 -1.619 -2.598 -3.304 -3.490 -3.571 -3.449 -3.507 -3.590 -3.422 999.999 999.999
 1.0000 0.017740  254 1.21148600e+10    0.847  2.340  3.6044  1.395    7  0.000  0.470     0.00     0.00 -1 -3.24e-09      0.00 6.872e-01 2.939e-01 2.713e-03 1.254e-03 7.702e-03 -1.000 1.886e-02 7 -1.081 2.886 1.368 -0.082 -1.714 -2.709 -3.425 -3.618 -3.700 -3.576 -3.637 -3.719 -3.553 999.999 999.999
 1.0000 0.017740  255 1.21154898e+10    0.845  2.382  3.6006  1.338    7  0.000  0.470     0.00     0.00 -1    -4e-09      0.00 6.872e-01 2.939e-01 2.713e-03 1.254e-03 7.702e-03 -1.000 1.886e-02 7 -1.184 2.900 1.332 -0.138 -1.809 -2.821 -3.546 -3.745 -3.830 -3.704 -3.767 -3.849 -3.684 999.999 999.999
 1.0000 0.017740  256 1.21160540e+10    0.843  2.423  3.5968  1.280    7  0.000  0.470     0.00     0.00 -1 -4.92e-09      0.00 6.872e-01 2.939e-01 2.713e-03 1.254e-03 7.702e-03 -1.000 1.886e-02 7 -1.287 2.913 1.300 -0.189 -1.903 -2.932 -3.668 -3.874 -3.961 -3.832 -3.898 -3.979 -3.817 999.999 999.999
 1.0000 0.017740  257 1.21165681e+10    0.840  2.464  3.5930  1.222    7  0.000  0.470     0.00     0.00 -1 -6.08e-09      0.00 6.872e-01 2.939e-01 2.713e-03 1.254e-03 7.702e-03 -1.000 1.886e-02 7 -1.389 2.921 1.271 -0.232 -1.997 -3.044 -3.790 -4.002 -4.091 -3.959 -4.029 -4.109 -3.951 999.999 999.999
 1.0000 0.017740  258 1.21170442e+10    0.837  2.505  3.5891  1.164    7  0.000  0.470     0.00     0.00 -1 -7.46e-09      0.00 6.872e-01 2.939e-01 2.712e-03 1.254e-03 7.702e-03 -1.000 1.886e-02 7 -1.491 2.931 1.245 -0.275 -2.089 -3.155 -3.912 -4.130 -4.221 -4.086 -4.160 -4.240 -4.085 999.999 999.999
 1.0000 0.017740  259 1.21174938e+10    0.833  2.545  3.5851  1.106    7  0.000  0.469     0.00     0.00 -1  -9.2e-09      0.00 6.872e-01 2.939e-01 2.711e-03 1.255e-03 7.702e-03 -1.000 1.886e-02 7 -1.593 2.945 1.221 -0.316 -2.181 -3.266 -4.034 -4.258 -4.352 -4.213 -4.291 -4.370 -4.220 999.999 999.999
 1.0000 0.017740  260 1.21179197e+10    0.829  2.586  3.5791  1.039    7  0.000  0.469     0.00     0.00 -1 -1.12e-08      0.00 6.872e-01 2.939e-01 2.707e-03 1.257e-03 7.702e-03 -1.000 1.886e-02 7 -1.694 2.992 1.247 -0.301 -2.265 -3.382 -4.165 -4.399 -4.497 -4.352 -4.437 -4.515 -4.371 999.999 999.999
 1.0000 0.017740  261 1.21183283e+10    0.824  2.627  3.5707  0.962    7  0.000  0.468     0.00     0.00 -1 -1.39e-08      0.00 6.872e-01 2.939e-01 2.701e-03 1.262e-03 7.702e-03 -1.000 1.886e-02 7 -1.796 3.085 1.324 -0.234 -2.342 -3.505 -4.310 -4.557 -4.659 -4.508 -4.603 -4.679 -4.544 999.999 999.999
 1.0000 0.017740  262 1.21187021e+10    0.819  2.668  3.5658  0.898    7  0.000  0.466     0.00     0.00 -1 -1.71e-08      0.00 6.872e-01 2.939e-01 2.693e-03 1.271e-03 7.702e-03 -1.000 1.886e-02 7 -1.900 3.104 1.352 -0.206 -2.427 -3.623 -4.439 -4.693 -4.799 -4.645 -4.745 -4.821 -4.698 999.999 999.999
 1.0000 0.017740  263 1.21190277e+10    0.812  2.708  3.5613  0.837    7  0.000  0.465     0.00     0.00 -1  -2.1e-08      0.00 6.872e-01 2.939e-01 2.684e-03 1.282e-03 7.702e-03 -1.000 1.886e-02 7 -2.000 3.117 1.376 -0.182 -2.509 -3.737 -4.562 -4.823 -4.934 -4.776 -4.882 -4.958 -4.847 999.999 999.999
 1.0000 0.017740  264 1.21192980e+10    0.806  2.750  3.5564  0.772    7  0.000  0.463     0.00     0.00 -1 -2.58e-08      0.00 6.872e-01 2.939e-01 2.675e-03 1.293e-03 7.702e-03 -1.000 1.886e-02 7 -2.106 3.133 1.404 -0.153 -2.595 -3.857 -4.692 -4.962 -5.075 -4.915 -5.026 -5.103 -5.005 999.999 999.999
 1.0000 0.017740  265 1.21194844e+10    0.801  2.790  3.5517  0.710    7  0.000  0.462     0.00     0.00 -1 -3.15e-08      0.00 6.872e-01 2.939e-01 2.666e-03 1.303e-03 7.702e-03 -1.000 1.886e-02 7 -2.206 3.142 1.463 -0.079 -2.663 -3.972 -4.815 -5.093 -5.211 -5.047 -5.163 -5.242 -5.161 999.999 999.999
 1.0000 0.017740  266 1.21196257e+10    0.797  2.829  3.5470  0.650    7  0.000  0.460     0.00     0.00 -1 -3.82e-08      0.00 6.872e-01 2.939e-01 2.658e-03 1.313e-03 7.702e-03 -1.000 1.885e-02 7 -2.304 3.153 1.530 0.003 -2.729 -4.085 -4.935 -5.222 -5.344 -5.177 -5.298 -5.379 -5.318 999.999 999.999
 1.0000 0.017740  267 1.21197466e+10    0.792  2.868  3.5422  0.589    7  0.000  0.459     0.00     0.00 -1  -4.6e-08      0.00 6.872e-01 2.940e-01 2.652e-03 1.321e-03 7.702e-03 -1.000 1.882e-02 7 -2.401 3.166 1.602 0.089 -2.793 -4.196 -5.055 -5.351 -5.478 -5.307 -5.434 -5.516 -5.482 999.999 999.999
 1.0000 0.017740  268 1.21198623e+10    0.786  2.908  3.5370  0.525    7  0.000  0.458     0.00     0.00 -1 -5.57e-08      0.00 6.872e-01 2.940e-01 2.646e-03 1.327e-03 7.702e-03 -1.000 1.878e-02 7 -2.501 3.179 1.720 0.235 -2.834 -4.313 -5.179 -5.485 -5.616 -5.442 -5.575 -5.659 -5.655 999.999 999.999
 1.0000 0.017740  269 1.21199739e+10    0.779  2.948  3.5317  0.460    7  0.000  0.458     0.00     0.00 -1 -6.78e-08      0.00 6.872e-01 2.940e-01 2.643e-03 1.332e-03 7.702e-03 -1.000 1.876e-02 7 -2.600 3.201 1.856 0.399 -2.870 -4.430 -5.302 -5.619 -5.756 -5.581 -5.720 -5.808 -5.849 999.999 999.999
 1.0000 0.017740  270 1.21200763e+10    0.772  2.986  3.5265  0.398    7  0.000  0.457     0.00     0.00 -1 -8.14e-08      0.00 6.872e-01 2.940e-01 2.640e-03 1.335e-03 7.702e-03 -1.000 1.876e-02 7 -2.694 3.223 2.005 0.579 -2.893 -4.541 -5.419 -5.746 -5.889 -5.714 -5.857 -5.949 -6.029 999.999 999.999
 1.0000 0.017740  271 1.21201725e+10    0.763  3.022  3.5214  0.336    7  0.000  0.457     0.00     0.00 -1 -9.86e-08      0.00 6.872e-01 2.940e-01 2.639e-03 1.337e-03 7.702e-03 -1.000 1.877e-02 7 -2.785 3.247 2.182 0.798 -2.889 -4.649 -5.532 -5.869 -6.018 -5.843 -5.991 -6.088 -6.222 999.999 999.999
 1.0000 0.017740  272 1.21202780e+10    0.752  3.060  3.5159  0.270    7  0.000  0.457     0.00     0.00 -1 -1.22e-07      0.00 6.872e-01 2.940e-01 2.639e-03 1.337e-03 7.702e-03 -1.000 1.877e-02 7 -2.880 3.281 2.385 1.046 -2.879 -4.760 -5.650 -5.999 -6.155 -5.981 -6.135 -6.240 -6.448 999.999 999.999
 1.0000 0.017740  273 1.21203855e+10    0.737  3.096  3.5104  0.203    7  0.000  0.457     0.00     0.00 -1  -1.5e-07      0.00 6.872e-01 2.940e-01 2.639e-03 1.337e-03 7.702e-03 -1.000 1.877e-02 7 -2.971 3.322 2.598 1.307 -2.847 -4.866 -5.761 -6.123 -6.289 -6.115 -6.275 -6.390 -6.695 999.999 999.999
 1.0000 0.017740  274 1.21204920e+10    0.719  3.129  3.5053  0.138    7  0.000  0.457     0.00     0.00 -1 -1.84e-07      0.00 6.872e-01 2.940e-01 2.639e-03 1.337e-03 7.702e-03 -1.000 1.877e-02 7 -3.054 3.371 2.813 1.570 -2.802 -4.963 -5.863 -6.236 -6.413 -6.240 -6.405 -6.534 -6.949 999.999 999.999
 1.0000 0.017740  275 1.21206149e+10    0.693  3.163  3.5003  0.068    7  0.000  0.457     0.00     0.00 -1 -2.36e-07      0.00 6.872e-01 2.940e-01 2.639e-03 1.337e-03 7.702e-03 -1.000 1.877e-02 7 -3.138 3.463 3.061 1.855 -2.746 -5.054 -5.963 -6.351 -6.546 -6.378 -6.554 -6.705 -7.295 999.999 999.999
 1.0000 0.017740  276 1.21206743e+10    0.678  3.168  3.4997  0.052    7  0.000  0.457     0.00     0.00 -1 -2.58e-07      0.00 6.872e-01 2.940e-01 2.639e-03 1.337e-03 7.702e-03 -1.000 1.877e-02 7 -3.150 3.498 3.101 1.891 -2.739 -5.065 -5.975 -6.368 -6.569 -6.404 -6.583 -6.744 -7.407 999.999 999.999
 1.0000 0.017740  277 1.21206917e+10    0.673  3.171  3.4994  0.044    7  0.000  0.457     0.00     0.00 -1 -2.68e-07      0.00 6.872e-01 2.940e-01 2.639e-03 1.337e-03 7.702e-03 -1.000 1.877e-02 7 -3.159 3.511 3.116 1.904 -2.738 -5.072 -5.984 -6.378 -6.581 -6.418 -6.598 -6.763 -7.456 999.999 999.999
 1.0000 0.017740  278 1.21207071e+10    0.669  3.178  3.4986  0.032    7  0.000  0.457     0.00     0.00 -1  -2.8e-07      0.00 6.872e-01 2.940e-01 2.639e-03 1.337e-03 7.702e-03 -1.000 1.877e-02 7 -3.175 3.526 3.147 1.934 -2.734 -5.089 -6.002 -6.399 -6.606 -6.444 -6.625 -6.795 -7.523 999.999 999.999
 1.0000 0.017740  279 1.21207235e+10    0.664  3.203  3.4951 -0.011    7  0.000  0.457     0.00     0.00 -1 -3.17e-07      0.00 6.872e-01 2.940e-01 2.639e-03 1.337e-03 7.702e-03 -1.000 1.877e-02 7 -3.238 3.562 3.261 2.055 -2.712 -5.158 -6.075 -6.479 -6.696 -6.536 -6.720 -6.903 -7.712 999.999 999.999
 1.0000 0.017740  280 1.21207255e+10    0.663  3.196  3.4962  0.001    7  0.000  0.457     0.00     0.00 -1 -3.09e-07      0.00 6.872e-01 2.940e-01 2.639e-03 1.337e-03 7.702e-03 -1.000 1.877e-02 7 -3.219 3.556 3.228 2.018 -2.719 -5.137 -6.053 -6.455 -6.670 -6.509 -6.693 -6.873 -7.667 999.999 999.999
 1.0000 0.017740  281 1.21207265e+10    0.663  3.165  3.5006  0.049    7  0.000  0.457     0.00     0.00 -1 -2.73e-07      0.00 6.872e-01 2.940e-01 2.639e-03 1.337e-03 7.702e-03 -1.000 1.877e-02 7 -3.142 3.521 3.087 1.863 -2.746 -5.051 -5.962 -6.356 -6.560 -6.399 -6.580 -6.747 -7.463 999.999 999.999
 1.0000 0.017740  282 1.21207265e+10    0.663  3.165  3.5006  0.049    7  0.000  0.457     0.00     0.00 -1 -2.73e-07      0.00 6.872e-01 2.940e-01 2.639e-03 1.337e-03 7.702e-03 -1.000 1.877e-02 7 -3.142 3.521 3.087 1.863 -2.746 -5.051 -5.962 -6.356 -6.560 -6.399 -6.580 -6.747 -7.463 999.999 999.999
 1.0000 0.017740  283 1.21207265e+10    0.663  3.165  3.5006  0.049    7  0.000  0.457     0.00     0.00 -1 -2.73e-07      0.00 6.872e-01 2.940e-01 2.639e-03 1.337e-03 7.702e-03 -1.000 1.877e-02 7 -3.142 3.521 3.087 1.863 -2.746 -5.051 -5.962 -6.356 -6.560 -6.399 -6.580 -6.747 -7.463 999.999 999.999
 1.0000 0.017740  284 1.21207265e+10    0.663  3.165  3.5006  0.049    7  0.000  0.457     0.00     0.00 -1 -2.73e-07      0.00 6.872e-01 2.940e-01 2.639e-03 1.337e-03 7.702e-03 -1.000 1.877e-02 7 -3.142 3.521 3.087 1.863 -2.746 -5.051 -5.962 -6.356 -6.560 -6.399 -6.580 -6.747 -7.463 999.999 999.999
 1.0000 0.017740  285 1.21207265e+10    0.663  3.165  3.5006  0.049    7  0.000  0.457     0.00     0.00 -1 -2.73e-07      0.00 6.872e-01 2.940e-01 2.639e-03 1.337e-03 7.702e-03 -1.000 1.877e-02 7 -3.142 3.521 3.087 1.863 -2.746 -5.051 -5.962 -6.356 -6.560 -6.399 -6.580 -6.747 -7.463 999.999 999.999
 1.0000 0.017740  286 1.21207265e+10    0.663  3.165  3.5006  0.049    7  0.000  0.457     0.00     0.00 -1 -2.73e-07      0.00 6.872e-01 2.940e-01 2.639e-03 1.337e-03 7.702e-03 -1.000 1.877e-02 7 -3.142 3.521 3.087 1.863 -2.746 -5.051 -5.962 -6.356 -6.560 -6.399 -6.580 -6.747 -7.463 999.999 999.999
 1.0000 0.017740  287 1.21207265e+10    0.663  3.165  3.5006  0.049    7  0.000  0.457     0.00     0.00 -1 -2.73e-07      0.00 6.872e-01 2.940e-01 2.639e-03 1.337e-03 7.702e-03 -1.000 1.877e-02 7 -3.142 3.521 3.087 1.863 -2.746 -5.051 -5.962 -6.356 -6.560 -6.399 -6.580 -6.747 -7.463 999.999 999.999
 1.0000 0.017740  288 1.21207265e+10    0.663  3.165  3.5006  0.049    7  0.000  0.457     0.00     0.00 -1 -2.73e-07      0.00 6.872e-01 2.940e-01 2.639e-03 1.337e-03 7.702e-03 -1.000 1.877e-02 7 -3.142 3.521 3.087 1.863 -2.746 -5.051 -5.962 -6.356 -6.560 -6.399 -6.580 -6.747 -7.463 999.999 999.999
 1.0000 0.017740  289 1.21207265e+10    0.663  3.165  3.5006  0.049    7  0.000  0.457     0.00     0.00 -1 -2.73e-07      0.00 6.872e-01 2.940e-01 2.639e-03 1.337e-03 7.702e-03 -1.000 1.877e-02 7 -3.142 3.521 3.087 1.863 -2.746 -5.051 -5.962 -6.356 -6.560 -6.399 -6.580 -6.747 -7.463 999.999 999.999
 1.0000 0.017740  290 1.21207265e+10    0.663  3.165  3.5006  0.049    7  0.000  0.457     0.00     0.00 -1 -2.73e-07      0.00 6.872e-01 2.940e-01 2.639e-03 1.337e-03 7.702e-03 -1.000 1.877e-02 7 -3.142 3.521 3.087 1.863 -2.746 -5.051 -5.962 -6.356 -6.560 -6.399 -6.580 -6.747 -7.463 999.999 999.999
 1.0000 0.017740  291 1.21207265e+10    0.663  3.165  3.5006  0.049    7  0.000  0.457     0.00     0.00 -1 -2.73e-07      0.00 6.872e-01 2.940e-01 2.639e-03 1.337e-03 7.702e-03 -1.000 1.877e-02 7 -3.142 3.521 3.087 1.863 -2.746 -5.051 -5.962 -6.356 -6.560 -6.399 -6.580 -6.747 -7.463 999.999 999.999
 1.0000 0.017740  292 1.21207265e+10    0.663  3.165  3.5006  0.049    7  0.000  0.457     0.00     0.00 -1 -2.73e-07      0.00 6.872e-01 2.940e-01 2.639e-03 1.337e-03 7.702e-03 -1.000 1.877e-02 7 -3.142 3.521 3.087 1.863 -2.746 -5.051 -5.962 -6.356 -6.560 -6.399 -6.580 -6.747 -7.463 999.999 999.999
 1.0000 0.017740  293 1.21207265e+10    0.663  3.165  3.5006  0.049    7  0.000  0.457     0.00     0.00 -1 -2.73e-07      0.00 6.872e-01 2.940e-01 2.639e-03 1.337e-03 7.702e-03 -1.000 1.877e-02 7 -3.142 3.521 3.087 1.863 -2.746 -5.051 -5.962 -6.356 -6.560 -6.399 -6.580 -6.747 -7.463 999.999 999.999
 1.0000 0.017740  294 1.21207265e+10    0.663  3.165  3.5006  0.049    7  0.000  0.457     0.00     0.00 -1 -2.73e-07      0.00 6.872e-01 2.940e-01 2.639e-03 1.337e-03 7.702e-03 -1.000 1.877e-02 7 -3.142 3.521 3.087 1.863 -2.746 -5.051 -5.962 -6.356 -6.560 -6.399 -6.580 -6.747 -7.463 999.999 999.999
 1.0000 0.017740  295 1.21207265e+10    0.663  3.165  3.5006  0.049    7  0.000  0.457     0.00     0.00 -1 -2.73e-07      0.00 6.872e-01 2.940e-01 2.639e-03 1.337e-03 7.702e-03 -1.000 1.877e-02 7 -3.142 3.521 3.087 1.863 -2.746 -5.051 -5.962 -6.356 -6.560 -6.399 -6.580 -6.747 -7.463 999.999 999.999
 1.0000 0.017740  296 1.21207265e+10    0.663  3.165  3.5006  0.049    7  0.000  0.457     0.00     0.00 -1 -2.73e-07      0.00 6.872e-01 2.940e-01 2.639e-03 1.337e-03 7.702e-03 -1.000 1.877e-02 7 -3.142 3.521 3.087 1.863 -2.746 -5.051 -5.962 -6.356 -6.560 -6.399 -6.580 -6.747 -7.463 999.999 999.999
 1.0000 0.017740  297 1.21207265e+10    0.663  3.165  3.5006  0.049    7  0.000  0.457     0.00     0.00 -1 -2.73e-07      0.00 6.872e-01 2.940e-01 2.639e-03 1.337e-03 7.702e-03 -1.000 1.877e-02 7 -3.142 3.521 3.087 1.863 -2.746 -5.051 -5.962 -6.356 -6.560 -6.399 -6.580 -6.747 -7.463 999.999 999.999
 1.0000 0.017740  298 1.21207276e+10    0.663  3.206  3.4945 -0.017    7  0.000  0.457     0.00     0.00 -1 -3.21e-07      0.00 6.872e-01 2.940e-01 2.639e-03 1.337e-03 7.702e-03 -1.000 1.877e-02 7 -3.244 3.569 3.283 2.078 -2.705 -5.166 -6.084 -6.489 -6.707 -6.548 -6.732 -6.916 -7.734 999.999 999.999
 1.0000 0.017740  299 1.21207276e+10    0.663  3.206  3.4945 -0.017    7  0.000  0.457     0.00     0.00 -1 -3.21e-07      0.00 6.872e-01 2.940e-01 2.639e-03 1.337e-03 7.702e-03 -1.000 1.877e-02 7 -3.244 3.569 3.283 2.078 -2.705 -5.166 -6.084 -6.489 -6.707 -6.548 -6.732 -6.916 -7.734 999.999 999.999
 1.0000 0.017740  300 1.21207276e+10    0.663  3.206  3.4945 -0.017    7  0.000  0.457     0.00     0.00 -1 -3.21e-07      0.00 6.872e-01 2.940e-01 2.639e-03 1.337e-03 7.702e-03 -1.000 1.877e-02 7 -3.244 3.569 3.283 2.078 -2.705 -5.166 -6.084 -6.489 -6.707 -6.548 -6.732 -6.916 -7.734 999.999 999.999
 1.0000 0.017740  301 1.21207276e+10    0.663  3.206  3.4945 -0.017    7  0.000  0.457     0.00     0.00 -1 -3.21e-07      0.00 6.872e-01 2.940e-01 2.639e-03 1.337e-03 7.702e-03 -1.000 1.877e-02 7 -3.244 3.569 3.283 2.078 -2.705 -5.166 -6.084 -6.489 -6.707 -6.548 -6.732 -6.916 -7.734 999.999 999.999
 1.0000 0.017740  302 1.21207276e+10    0.663  3.206  3.4945 -0.017    7  0.000  0.457     0.00     0.00 -1 -3.21e-07      0.00 6.872e-01 2.940e-01 2.639e-03 1.337e-03 7.702e-03 -1.000 1.877e-02 7 -3.244 3.569 3.283 2.078 -2.705 -5.166 -6.084 -6.489 -6.707 -6.548 -6.732 -6.916 -7.734 999.999 999.999
 1.0000 0.017740  303 1.21207276e+10    0.663  3.206  3.4945 -0.017    7  0.000  0.457     0.00     0.00 -1 -3.21e-07      0.00 6.872e-01 2.940e-01 2.639e-03 1.337e-03 7.702e-03 -1.000 1.877e-02 7 -3.244 3.569 3.283 2.078 -2.705 -5.166 -6.084 -6.489 -6.707 -6.548 -6.732 -6.916 -7.734 999.999 999.999
 1.0000 0.017740  304 1.21207276e+10    0.663  3.206  3.4945 -0.017    7  0.000  0.457     0.00     0.00 -1 -3.21e-07      0.00 6.872e-01 2.940e-01 2.639e-03 1.337e-03 7.702e-03 -1.000 1.877e-02 7 -3.244 3.569 3.283 2.078 -2.705 -5.166 -6.084 -6.489 -6.707 -6.548 -6.732 -6.916 -7.734 999.999 999.999
 1.0000 0.017740  305 1.21207276e+10    0.663  3.206  3.4945 -0.017    7  0.000  0.457     0.00     0.00 -1 -3.21e-07      0.00 6.872e-01 2.940e-01 2.639e-03 1.337e-03 7.702e-03 -1.000 1.877e-02 7 -3.244 3.569 3.283 2.078 -2.705 -5.166 -6.084 -6.489 -6.707 -6.548 -6.732 -6.916 -7.734 999.999 999.999
 1.0000 0.017740  306 1.21207276e+10    0.663  3.206  3.4945 -0.017    7  0.000  0.457     0.00     0.00 -1 -3.21e-07      0.00 6.872e-01 2.940e-01 2.639e-03 1.337e-03 7.702e-03 -1.000 1.877e-02 7 -3.244 3.569 3.283 2.078 -2.705 -5.166 -6.084 -6.489 -6.707 -6.548 -6.732 -6.916 -7.734 999.999 999.999
 1.0000 0.017740  307 1.21207276e+10    0.663  3.206  3.4945 -0.017    7  0.000  0.457     0.00     0.00 -1 -3.21e-07      0.00 6.872e-01 2.940e-01 2.639e-03 1.337e-03 7.702e-03 -1.000 1.877e-02 7 -3.244 3.569 3.283 2.078 -2.705 -5.166 -6.084 -6.489 -6.707 -6.548 -6.732 -6.916 -7.734 999.999 999.999
 1.0000 0.017740  308 1.21207276e+10    0.662  3.166  3.5001  0.046    7  0.000  0.457     0.00     0.00 -1 -2.74e-07      0.00 6.872e-01 2.940e-01 2.639e-03 1.337e-03 7.702e-03 -1.000 1.877e-02 7 -3.144 3.528 3.112 1.894 -2.735 -5.054 -5.966 -6.360 -6.564 -6.403 -6.585 -6.752 -7.469 999.999 999.999
 1.0000 0.017740  309 1.21207276e+10    0.662  3.166  3.5001  0.046    7  0.000  0.457     0.00     0.00 -1 -2.74e-07      0.00 6.872e-01 2.940e-01 2.639e-03 1.337e-03 7.702e-03 -1.000 1.877e-02 7 -3.144 3.528 3.112 1.894 -2.735 -5.054 -5.966 -6.360 -6.564 -6.403 -6.585 -6.752 -7.469 999.999 999.999
 1.0000 0.017740  310 1.21207276e+10    0.662  3.166  3.5001  0.046    7  0.000  0.457     0.00     0.00 -1 -2.74e-07      0.00 6.872e-01 2.940e-01 2.639e-03 1.337e-03 7.702e-03 -1.000 1.877e-02 7 -3.144 3.528 3.112 1.894 -2.735 -5.054 -5.966 -6.360 -6.564 -6.403 -6.585 -6.752 -7.469 999.999 999.999
 1.0000 0.017740  311 1.21207296e+10    0.662  3.185  3.4978  0.017    7  0.000  0.457     0.00     0.00 -1 -2.98e-07      0.00 6.872e-01 2.940e-01 2.639e-03 1.337e-03 7.702e-03 -1.000 1.877e-02 7 -3.192 3.546 3.180 1.966 -2.728 -5.106 -6.020 -6.419 -6.631 -6.471 -6.654 -6.830 -7.604 999.999 999.999
 1.0000 0.017740  312 1.21207296e+10    0.662  3.185  3.4978  0.017    7  0.000  0.457     0.00     0.00 -1 -2.98e-07      0.00 6.872e-01 2.940e-01 2.639e-03 1.337e-03 7.702e-03 -1.000 1.877e-02 7 -3.192 3.546 3.180 1.966 -2.728 -5.106 -6.020 -6.419 -6.631 -6.471 -6.654 -6.830 -7.604 999.999 999.999
 1.0000 0.017740  313 1.21207296e+10    0.662  3.186  3.4977  0.016    7  0.000  0.457     0.00     0.00 -1 -2.99e-07      0.00 6.872e-01 2.940e-01 2.639e-03 1.337e-03 7.702e-03 -1.000 1.877e-02 7 -3.194 3.547 3.183 1.969 -2.728 -5.108 -6.023 -6.422 -6.634 -6.474 -6.657 -6.833 -7.609 999.999 999.999
 1.0000 0.017740  314 1.21207398e+10    0.658  3.219  3.4928 -0.039    7  0.000  0.457     0.00     0.00 -1 -3.47e-07      0.00 6.872e-01 2.940e-01 2.639e-03 1.337e-03 7.702e-03 -1.000 1.877e-02 7 -3.277 3.613 3.356 2.149 -2.692 -5.198 -6.120 -6.531 -6.758 -6.604 -6.792 -6.988 -7.868 999.999 999.999
 1.0000 0.017740  315 1.21207460e+10    0.656  3.245  3.4890 -0.082    7  0.000  0.457     0.00     0.00 -1 -3.89e-07      0.00 6.872e-01 2.940e-01 2.639e-03 1.337e-03 7.702e-03 -1.000 1.877e-02 7 -3.343 3.683 3.504 2.297 -2.660 -5.267 -6.196 -6.617 -6.860 -6.714 -6.906 -7.121 -8.085 999.999 999.999
 1.0000 0.017740  316 1.21207521e+10    0.654  3.267  3.4859 -0.118    7  0.000  0.457     0.00     0.00 -1 -4.28e-07      0.00 6.872e-01 2.940e-01 2.639e-03 1.337e-03 7.702e-03 -1.000 1.877e-02 7 -3.397 3.744 3.628 2.418 -2.633 -5.324 -6.259 -6.688 -6.945 -6.804 -7.000 -7.231 -8.266 999.999 999.999
 1.0000 0.017740  317 1.21207583e+10    0.651  3.287  3.4831 -0.151    7  0.000  0.457     0.00     0.00 -1 -4.71e-07      0.00 6.872e-01 2.940e-01 2.639e-03 1.337e-03 7.702e-03 -1.000 1.877e-02 7 -3.448 3.797 3.706 2.473 -2.628 -5.375 -6.315 -6.751 -7.021 -6.886 -7.084 -7.331 -8.436 999.999 999.999
 1.0000 0.017740  318 1.21207665e+10    0.647  3.311  3.4803 -0.189    7  0.000  0.457     0.00     0.00 -1 -5.28e-07      0.00 6.872e-01 2.940e-01 2.639e-03 1.337e-03 7.702e-03 -1.000 1.877e-02 7 -3.507 3.904 3.821 2.551 -2.616 -5.426 -6.376 -6.822 -7.113 -6.989 -7.192 -7.461 -8.653 999.999 999.999
 1.0000 0.017740  319 1.21207767e+10    0.641  3.335  3.4779 -0.227    7  0.000  0.457     0.00     0.00 -1 -5.98e-07      0.00 6.872e-01 2.940e-01 2.639e-03 1.337e-03 7.702e-03 -1.000 1.877e-02 7 -3.567 4.138 4.016 2.684 -2.580 -5.461 -6.427 -6.893 -7.223 -7.120 -7.337 -7.647 -8.993 999.999 999.999
 1.0000 0.017740  320 1.21207941e+10    0.627  3.357  3.4816 -0.244    7  0.000  0.457     0.00     0.00 -1 -7.11e-07      0.00 6.872e-01 2.940e-01 2.639e-03 1.337e-03 7.702e-03 -1.000 1.877e-02 7 -3.624 4.222 3.993 2.634 -2.652 -5.490 -6.460 -6.938 -7.288 -7.207 -7.439 -7.772 -9.228 999.999 999.999
#track terminated
